thumb1,index1,middle1,pinky1,accelX1,accelY1,accelZ1,gForceX1,gForceY1,gForceZ1,gyroX1,gyroY1,gyroZ1,gesture,
2461.00,2077.00,2379.00,2454.00,-2.00,1.55,10.14,10.14,1.55,-2.00,-0.03,-0.02,-0.02,Nice!
2463.00,2145.00,2383.00,2497.00,-1.99,1.54,10.06,10.06,1.54,-1.99,-0.02,-0.03,-0.02,Nice!
2484.00,2175.00,2398.00,2459.00,-2.07,1.69,10.06,10.06,1.69,-2.07,-0.02,-0.05,-0.02,Nice!
2490.00,2202.00,2324.00,2514.00,-2.26,1.94,9.91,9.91,1.94,-2.26,0.04,0.04,-0.03,Nice!
2464.00,2245.00,2381.00,2463.00,-2.67,2.08,9.44,9.44,2.08,-2.67,0.08,0.24,-0.05,Nice!
2463.00,0.00,2365.00,2480.00,-3.92,3.33,8.80,8.80,3.33,-3.92,-0.04,0.15,-0.08,Nice!
2469.00,0.00,2389.00,2497.00,-5.14,3.30,8.12,8.12,3.30,-5.14,-0.17,0.14,-0.08,Nice!
2495.00,2257.00,2384.00,2523.00,-5.24,2.79,8.12,8.12,2.79,-5.24,-0.05,-0.02,-0.03,Nice!
2450.00,2181.00,2389.00,2499.00,-5.26,2.74,8.19,8.19,2.74,-5.26,-0.05,-0.04,-0.02,Nice!
2497.00,2192.00,2384.00,2517.00,-5.36,2.77,8.17,8.17,2.77,-5.36,-0.05,-0.03,-0.03,Nice!
2510.00,0.00,2377.00,2467.00,-5.32,2.80,8.20,8.20,2.80,-5.32,-0.04,-0.05,-0.02,Nice!
2480.00,0.00,2384.00,2544.00,-5.27,2.75,8.03,8.03,2.75,-5.27,-0.03,-0.04,-0.02,Nice!
2455.00,0.00,2400.00,2491.00,-5.25,2.78,8.11,8.11,2.78,-5.25,-0.03,-0.05,-0.02,Nice!
2466.00,2119.00,2395.00,2524.00,-6.33,3.62,9.50,9.50,3.62,-6.33,0.26,-0.59,0.14,Nice!
2439.00,0.00,2410.00,2480.00,2.94,6.24,6.51,6.51,6.24,2.94,0.15,-1.47,1.14,Nice!
2441.00,2247.00,2391.00,2501.00,7.42,1.98,6.47,6.47,1.98,7.42,0.08,-0.18,0.67,Nice!
2479.00,0.00,2378.00,2487.00,7.32,-0.88,2.73,2.73,-0.88,7.32,-0.06,-0.67,0.29,Nice!
2443.00,0.00,2429.00,2489.00,10.04,-0.30,2.36,2.36,-0.30,10.04,-0.13,-0.19,0.02,Nice!
2469.00,0.00,2385.00,2491.00,10.07,-0.98,1.75,1.75,-0.98,10.07,-0.04,-0.06,0.02,Nice!
2475.00,0.00,2389.00,2512.00,9.99,-0.98,1.92,1.92,-0.98,9.99,-0.05,-0.07,0.02,Nice!
2480.00,0.00,2390.00,2483.00,10.18,-1.09,1.61,1.61,-1.09,10.18,-0.06,-0.03,-0.02,Nice!
2450.00,0.00,2387.00,2489.00,10.06,-1.01,1.52,1.52,-1.01,10.06,-0.03,-0.05,-0.03,Nice!
2471.00,0.00,2406.00,2490.00,10.05,-1.07,1.68,1.68,-1.07,10.05,-0.06,-0.08,-0.00,Nice!
2481.00,0.00,2384.00,2512.00,10.08,-1.20,1.39,1.39,-1.20,10.08,-0.04,-0.04,-0.02,Nice!
2424.00,0.00,2364.00,2467.00,10.07,-1.31,1.46,1.46,-1.31,10.07,-0.05,-0.05,-0.02,Nice!
2454.00,0.00,2384.00,2500.00,10.11,-1.03,1.52,1.52,-1.03,10.11,-0.04,-0.07,0.00,Nice!
2468.00,0.00,2379.00,2466.00,10.14,-1.27,1.30,1.30,-1.27,10.14,-0.02,-0.03,-0.01,Nice!
2439.00,0.00,2416.00,2485.00,10.07,-1.21,1.30,1.30,-1.21,10.07,-0.03,-0.05,-0.01,Nice!
2471.00,0.00,2384.00,2480.00,10.07,-1.41,1.32,1.32,-1.41,10.07,-0.03,-0.05,0.01,Nice!
2445.00,0.00,2403.00,2451.00,10.13,-1.27,1.46,1.46,-1.27,10.13,-0.01,-0.02,-0.01,Nice!
2442.00,0.00,2410.00,2501.00,10.07,-1.41,1.44,1.44,-1.41,10.07,-0.02,-0.07,0.03,Nice!
2481.00,0.00,2391.00,2527.00,9.99,-1.37,1.28,1.28,-1.37,9.99,-0.02,-0.02,-0.03,Nice!
2467.00,0.00,2384.00,2522.00,10.05,-1.36,1.20,1.20,-1.36,10.05,-0.04,-0.08,0.01,Nice!
2448.00,0.00,2406.00,2479.00,9.98,-1.45,1.10,1.10,-1.45,9.98,-0.04,-0.06,-0.02,Nice!
2459.00,0.00,2408.00,2511.00,10.15,-1.36,1.17,1.17,-1.36,10.15,-0.04,-0.05,-0.04,Nice!
2464.00,0.00,2383.00,2512.00,10.13,-1.38,1.30,1.30,-1.38,10.13,-0.04,-0.05,-0.01,Nice!
2452.00,0.00,2381.00,2485.00,10.01,-1.44,1.07,1.07,-1.44,10.01,-0.03,-0.05,-0.01,Nice!
2467.00,0.00,2384.00,2541.00,10.02,-1.43,1.19,1.19,-1.43,10.02,-0.04,-0.02,-0.03,Nice!
2437.00,0.00,2389.00,2526.00,10.07,-1.67,0.88,0.88,-1.67,10.07,-0.01,-0.00,-0.05,Nice!
2454.00,0.00,2380.00,2473.00,10.01,-0.39,2.40,2.40,-0.39,10.01,0.09,-0.03,0.08,Nice!
2453.00,0.00,2383.00,2496.00,10.14,-0.67,1.77,1.77,-0.67,10.14,0.17,-0.05,-0.05,Nice!
2439.00,0.00,2377.00,2480.00,10.09,-0.82,1.69,1.69,-0.82,10.09,0.14,-0.00,-0.02,Nice!
2449.00,0.00,2374.00,2489.00,9.94,-1.04,1.71,1.71,-1.04,9.94,-0.10,-0.02,-0.02,Nice!
2455.00,0.00,2367.00,2509.00,10.19,-1.02,1.51,1.51,-1.02,10.19,0.21,-0.25,-0.24,Nice!
2445.00,0.00,2382.00,2483.00,10.53,5.58,-4.58,-4.58,5.58,10.53,1.36,0.04,0.12,Nice!
2479.00,0.00,2416.00,2512.00,8.44,2.87,-1.32,-1.32,2.87,8.44,0.02,-0.53,0.08,Nice!
2494.00,0.00,2410.00,2450.00,9.75,1.62,-1.09,-1.09,1.62,9.75,0.15,0.77,0.16,Nice!
2473.00,0.00,2393.00,2523.00,10.40,0.45,-0.70,-0.70,0.45,10.40,-0.16,0.07,0.31,Nice!
2463.00,0.00,2377.00,2490.00,9.51,-2.61,3.22,3.22,-2.61,9.51,-0.82,-0.32,0.25,Nice!
2465.00,0.00,2379.00,2481.00,9.99,-0.43,0.97,0.97,-0.43,9.99,-0.21,0.03,0.02,Nice!
2471.00,0.00,2402.00,2471.00,10.22,-0.26,0.36,0.36,-0.26,10.22,-0.05,-0.02,-0.01,Nice!
2463.00,0.00,2389.00,2491.00,10.08,-0.71,0.93,0.93,-0.71,10.08,-0.02,-0.05,0.00,Nice!
2455.00,0.00,2379.00,2481.00,10.08,-0.58,0.75,0.75,-0.58,10.08,-0.04,-0.04,-0.03,Nice!
2437.00,0.00,2395.00,2491.00,10.17,-0.66,0.78,0.78,-0.66,10.17,-0.05,-0.05,-0.02,Nice!
2473.00,0.00,2400.00,2487.00,10.07,-0.54,0.81,0.81,-0.54,10.07,-0.04,-0.04,-0.03,Nice!
2439.00,0.00,2388.00,2454.00,10.11,-0.63,0.79,0.79,-0.63,10.11,-0.04,-0.03,-0.03,Nice!
2454.00,0.00,2414.00,2506.00,10.13,-1.31,0.23,0.23,-1.31,10.13,-0.11,0.08,-0.22,Nice!
2473.00,0.00,2325.00,2505.00,9.89,0.23,2.93,2.93,0.23,9.89,0.03,0.09,0.05,Nice!
2473.00,0.00,2400.00,2493.00,9.93,-0.77,2.84,2.84,-0.77,9.93,0.27,-0.22,-0.05,Nice!
2444.00,0.00,2384.00,2506.00,9.97,-0.86,1.87,1.87,-0.86,9.97,0.07,-0.18,0.05,Nice!
2441.00,0.00,2407.00,2460.00,9.99,-0.70,0.69,0.69,-0.70,9.99,-0.12,-0.01,-0.07,Nice!
2455.00,0.00,2403.00,2519.00,10.17,-0.72,1.15,1.15,-0.72,10.17,-0.02,-0.02,-0.02,Nice!
2483.00,0.00,2379.00,2490.00,10.13,-0.50,1.19,1.19,-0.50,10.13,-0.02,-0.02,-0.02,Nice!
2465.00,0.00,2384.00,2512.00,10.09,-0.48,0.96,0.96,-0.48,10.09,-0.05,-0.03,-0.02,Nice!
2433.00,0.00,2381.00,2512.00,10.08,-0.52,1.08,1.08,-0.52,10.08,-0.04,-0.04,-0.02,Nice!
2474.00,0.00,2384.00,2490.00,10.18,-0.62,0.99,0.99,-0.62,10.18,-0.04,-0.06,-0.03,Nice!
2509.00,0.00,2402.00,2512.00,10.13,-0.52,1.07,1.07,-0.52,10.13,-0.03,-0.05,-0.02,Nice!
2465.00,0.00,2411.00,2479.00,10.19,-0.59,1.06,1.06,-0.59,10.19,-0.04,-0.03,-0.03,Nice!
2425.00,0.00,2387.00,2480.00,10.14,-0.46,0.94,0.94,-0.46,10.14,-0.03,-0.05,-0.02,Nice!
2459.00,0.00,2400.00,2514.00,10.20,-0.60,0.93,0.93,-0.60,10.20,-0.04,-0.05,-0.02,Nice!
2429.00,0.00,2390.00,2465.00,10.15,-0.61,0.92,0.92,-0.61,10.15,-0.04,-0.05,-0.00,Nice!
2453.00,0.00,2409.00,2522.00,10.16,-0.71,0.93,0.93,-0.71,10.16,-0.03,-0.02,-0.04,Nice!
2461.00,0.00,2379.00,2485.00,10.11,-0.77,0.29,0.29,-0.77,10.11,-0.17,0.20,-0.15,Nice!
2454.00,0.00,2417.00,2493.00,9.68,-1.10,2.86,2.86,-1.10,9.68,-0.54,0.10,0.35,Nice!
2455.00,0.00,2374.00,2515.00,9.69,-2.10,3.32,3.32,-2.10,9.69,-0.09,-0.12,0.00,Nice!
2455.00,0.00,2385.00,2467.00,9.70,-2.05,3.00,3.00,-2.05,9.70,-0.04,-0.04,-0.00,Nice!
2480.00,0.00,2391.00,2519.00,9.67,-2.15,2.81,2.81,-2.15,9.67,-0.04,-0.06,-0.03,Nice!
2480.00,0.00,2385.00,2539.00,9.62,-2.25,2.98,2.98,-2.25,9.62,-0.04,-0.06,-0.02,Nice!
2476.00,0.00,2383.00,2495.00,9.68,-2.06,2.93,2.93,-2.06,9.68,-0.03,-0.03,-0.03,Nice!
2435.00,0.00,2400.00,2481.00,9.69,-2.10,2.51,2.51,-2.10,9.69,-0.08,0.03,-0.13,Nice!
2436.00,0.00,2373.00,2464.00,9.76,-1.51,2.97,2.97,-1.51,9.76,0.30,-0.21,-0.08,Nice!
2495.00,16.00,2411.00,2502.00,10.13,-1.06,1.17,1.17,-1.06,10.13,-0.10,-0.18,-0.01,Nice!
2459.00,0.00,2382.00,2490.00,10.02,-1.17,1.40,1.40,-1.17,10.02,0.00,-0.09,-0.01,Nice!
2416.00,132.00,2417.00,2499.00,10.05,-1.34,1.15,1.15,-1.34,10.05,-0.02,-0.05,-0.01,Nice!
2463.00,48.00,2416.00,2496.00,10.08,-1.53,1.08,1.08,-1.53,10.08,-0.05,-0.03,-0.01,Nice!
2465.00,17.00,2395.00,2496.00,10.06,-1.41,1.09,1.09,-1.41,10.06,-0.06,-0.06,0.00,Nice!
2462.00,0.00,2368.00,2495.00,9.97,-1.47,1.13,1.13,-1.47,9.97,-0.05,-0.05,-0.01,Nice!
2438.00,0.00,2384.00,2481.00,9.99,-1.56,0.95,0.95,-1.56,9.99,-0.05,-0.04,-0.02,Nice!
2458.00,143.00,2398.00,2481.00,10.03,-1.64,1.09,1.09,-1.64,10.03,-0.00,-0.05,-0.02,Nice!
2453.00,189.00,2364.00,2499.00,10.01,-1.63,0.74,0.74,-1.63,10.01,0.02,-0.05,0.04,Nice!
2439.00,0.00,2384.00,2479.00,10.10,-1.85,0.39,0.39,-1.85,10.10,0.24,-0.30,-0.00,Nice!
2448.00,0.00,2369.00,2479.00,10.01,-1.75,0.25,0.25,-1.75,10.01,0.02,0.01,-0.05,Nice!
2466.00,0.00,2368.00,2501.00,10.02,-1.24,0.59,0.59,-1.24,10.02,0.01,0.02,0.02,Nice!
2415.00,0.00,2396.00,2459.00,10.09,-1.57,0.90,0.90,-1.57,10.09,-0.06,-0.08,0.00,Nice!
2463.00,0.00,2390.00,2491.00,10.01,-1.57,0.85,0.85,-1.57,10.01,-0.03,-0.02,-0.00,Nice!
2436.00,0.00,2390.00,2489.00,10.03,-1.43,0.89,0.89,-1.43,10.03,-0.11,-0.08,-0.04,Nice!
2475.00,2207.00,2355.00,2475.00,10.09,-1.43,0.67,0.67,-1.43,10.09,-0.09,-0.08,-0.02,Nice!
2449.00,2227.00,2386.00,2525.00,10.07,-1.36,0.48,0.48,-1.36,10.07,-0.09,0.04,-0.03,Nice!
2459.00,2247.00,0.00,2499.00,10.25,-1.40,0.91,0.91,-1.40,10.25,-0.05,0.01,-0.03,Nice!
2471.00,2241.00,2395.00,2519.00,10.18,-1.42,0.89,0.89,-1.42,10.18,-0.04,-0.05,-0.02,Nice!
2448.00,0.00,2383.00,2496.00,10.03,-1.39,0.90,0.90,-1.39,10.03,-0.05,-0.05,-0.03,Nice!
2472.00,0.00,2395.00,2492.00,10.12,-1.43,0.96,0.96,-1.43,10.12,-0.06,-0.05,-0.03,Nice!
2431.00,2249.00,2384.00,2485.00,9.97,-1.37,1.06,1.06,-1.37,9.97,-0.05,-0.04,-0.03,Nice!
2480.00,2241.00,2400.00,2479.00,10.03,-1.39,1.03,1.03,-1.39,10.03,-0.05,-0.05,-0.03,Nice!
2437.00,2199.00,2396.00,2496.00,10.02,-1.40,0.99,0.99,-1.40,10.02,-0.03,-0.02,-0.03,Nice!
2501.00,2234.00,2428.00,2491.00,10.11,-1.36,0.96,0.96,-1.36,10.11,-0.04,-0.04,-0.03,Nice!
2431.00,2250.00,2400.00,2496.00,10.11,-1.41,1.09,1.09,-1.41,10.11,-0.04,-0.04,-0.02,Nice!
2446.00,2268.00,2370.00,2493.00,10.10,-1.45,1.03,1.03,-1.45,10.10,-0.05,-0.03,-0.06,Nice!
2399.00,2256.00,2370.00,2499.00,10.08,-1.22,1.10,1.10,-1.22,10.08,-0.05,-0.04,-0.04,Nice!
2471.00,2218.00,2401.00,2471.00,10.14,-1.12,1.09,1.09,-1.12,10.14,-0.06,-0.04,-0.04,Nice!
2462.00,2221.00,2388.00,2494.00,10.05,-1.00,1.08,1.08,-1.00,10.05,-0.03,-0.02,-0.01,Nice!
2459.00,2225.00,2352.00,2491.00,10.05,-1.00,1.19,1.19,-1.00,10.05,-0.04,-0.04,-0.01,Nice!
2448.00,2240.00,2378.00,2481.00,10.09,-1.08,1.13,1.13,-1.08,10.09,-0.06,-0.06,-0.03,Nice!
2448.00,2224.00,2382.00,2512.00,10.12,-1.01,1.21,1.21,-1.01,10.12,-0.04,-0.04,-0.02,Nice!
2411.00,2232.00,2416.00,2495.00,10.10,-1.01,1.08,1.08,-1.01,10.10,-0.03,-0.03,-0.03,Nice!
2479.00,2269.00,2389.00,2465.00,10.03,-0.98,1.18,1.18,-0.98,10.03,-0.04,-0.03,-0.03,Nice!
2428.00,2226.00,2379.00,2491.00,10.13,-0.66,1.20,1.20,-0.66,10.13,-0.03,-0.03,-0.06,Nice!
2473.00,2239.00,2399.00,2495.00,10.05,-0.77,1.30,1.30,-0.77,10.05,-0.11,-0.05,-0.01,Nice!
2427.00,2246.00,2384.00,2489.00,10.06,-0.18,1.62,1.62,-0.18,10.06,0.02,0.05,-0.12,Nice!
2435.00,2256.00,2402.00,2500.00,10.04,-0.60,1.82,1.82,-0.60,10.04,-0.03,-0.01,-0.05,Nice!
2463.00,2255.00,2387.00,2504.00,10.00,-0.92,1.06,1.06,-0.92,10.00,0.02,-0.19,0.19,Nice!
2462.00,2225.00,2390.00,2505.00,9.84,-0.94,2.67,2.67,-0.94,9.84,-0.15,0.24,-0.25,Nice!
2443.00,2203.00,2394.00,2485.00,8.97,-2.22,-0.12,-0.12,-2.22,8.97,0.32,-0.62,0.35,Nice!
2458.00,2231.00,2387.00,2480.00,10.04,-1.43,1.42,1.42,-1.43,10.04,-0.09,-0.06,-0.09,Nice!
2462.00,2267.00,2391.00,2489.00,10.12,-1.41,0.44,0.44,-1.41,10.12,-0.12,-0.05,-0.02,Nice!
2427.00,2221.00,2398.00,2522.00,10.16,-1.30,0.30,0.30,-1.30,10.16,-0.06,-0.03,-0.02,Nice!
2463.00,2247.00,2388.00,2486.00,10.03,-1.41,0.85,0.85,-1.41,10.03,-0.02,-0.04,-0.03,Nice!
2447.00,2258.00,2410.00,2454.00,10.12,-1.21,0.56,0.56,-1.21,10.12,-0.03,-0.03,-0.01,Nice!
2427.00,2247.00,2412.00,2512.00,10.08,-1.17,0.67,0.67,-1.17,10.08,-0.03,-0.04,-0.02,Nice!
2467.00,2234.00,2366.00,2471.00,10.10,-1.17,0.61,0.61,-1.17,10.10,-0.04,-0.06,-0.01,Nice!
2443.00,2259.00,2386.00,2518.00,10.15,-1.15,0.64,0.64,-1.15,10.15,-0.03,-0.03,-0.02,Nice!
2467.00,2244.00,2385.00,2505.00,10.13,-1.15,0.76,0.76,-1.15,10.13,-0.03,-0.05,-0.02,Nice!
2451.00,2257.00,2384.00,2487.00,10.06,-1.16,0.74,0.74,-1.16,10.06,-0.04,-0.04,-0.03,Nice!
2448.00,2237.00,2384.00,2506.00,9.98,-1.13,0.96,0.96,-1.13,9.98,-0.03,-0.04,-0.03,Nice!
2520.00,2251.00,2389.00,2495.00,10.05,-1.12,0.67,0.67,-1.12,10.05,-0.03,-0.03,-0.02,Nice!
2459.00,2274.00,2410.00,2499.00,10.09,-1.12,0.83,0.83,-1.12,10.09,-0.04,-0.03,-0.03,Nice!
2455.00,2240.00,2385.00,2499.00,10.14,-1.11,0.94,0.94,-1.11,10.14,-0.05,-0.04,-0.02,Nice!
2480.00,2242.00,2383.00,2462.00,10.09,-1.12,0.88,0.88,-1.12,10.09,-0.03,-0.04,-0.02,Nice!
2451.00,2255.00,2416.00,2453.00,10.02,-1.17,0.81,0.81,-1.17,10.02,-0.04,-0.05,-0.03,Nice!
2466.00,2240.00,2399.00,2495.00,10.06,-1.13,0.76,0.76,-1.13,10.06,-0.03,-0.06,-0.01,Nice!
2453.00,2224.00,2402.00,2487.00,10.04,-1.09,0.86,0.86,-1.09,10.04,-0.03,-0.03,-0.02,Nice!
2448.00,2239.00,2372.00,2481.00,9.97,-1.26,0.84,0.84,-1.26,9.97,-0.12,-0.06,-0.05,Nice!
2465.00,2254.00,2381.00,2499.00,10.08,-1.17,0.72,0.72,-1.17,10.08,-0.09,-0.05,-0.04,Nice!
2432.00,2248.00,2384.00,2505.00,10.07,-0.98,0.87,0.87,-0.98,10.07,-0.04,-0.06,-0.02,Nice!
2470.00,2192.00,2394.00,2505.00,10.17,-1.03,0.74,0.74,-1.03,10.17,-0.10,-0.07,-0.00,Nice!
2467.00,2225.00,2394.00,2498.00,10.10,-0.96,0.82,0.82,-0.96,10.10,-0.06,-0.02,-0.02,Nice!
2436.00,2259.00,2379.00,2499.00,10.13,-1.08,0.69,0.69,-1.08,10.13,-0.04,-0.04,-0.02,Nice!
2464.00,2224.00,2379.00,2506.00,10.00,-1.07,0.92,0.92,-1.07,10.00,-0.04,-0.04,-0.03,Nice!
2462.00,2245.00,2394.00,2483.00,10.13,-1.23,0.90,0.90,-1.23,10.13,-0.04,-0.05,-0.03,Nice!
2439.00,2229.00,2384.00,2502.00,10.07,-1.10,0.85,0.85,-1.10,10.07,-0.03,-0.03,-0.03,Nice!
2475.00,2251.00,2398.00,2512.00,10.16,-1.07,0.82,0.82,-1.07,10.16,-0.04,-0.05,-0.02,Nice!
2448.00,2256.00,2384.00,2492.00,10.09,-0.96,0.76,0.76,-0.96,10.09,-0.03,0.00,-0.02,Nice!
2448.00,2241.00,2390.00,2512.00,10.07,-1.00,1.03,1.03,-1.00,10.07,-0.02,-0.03,-0.04,Nice!
2426.00,2243.00,2375.00,2479.00,10.10,-1.11,0.82,0.82,-1.11,10.10,-0.05,-0.06,-0.01,Nice!
2433.00,2243.00,2381.00,2501.00,10.07,-1.13,0.70,0.70,-1.13,10.07,-0.03,-0.03,-0.01,Nice!
2437.00,2235.00,2399.00,2501.00,10.11,-1.07,0.77,0.77,-1.07,10.11,-0.04,-0.03,-0.03,Nice!
2463.00,2256.00,2416.00,2487.00,10.06,-1.17,0.88,0.88,-1.17,10.06,-0.04,-0.05,-0.03,Nice!
2445.00,2237.00,2395.00,2495.00,10.07,-1.13,0.77,0.77,-1.13,10.07,-0.04,-0.03,-0.03,Nice!
2466.00,2245.00,2400.00,2487.00,10.08,-1.13,0.80,0.80,-1.13,10.08,-0.03,-0.03,-0.02,Nice!
2449.00,2252.00,2410.00,2482.00,10.10,-1.01,0.85,0.85,-1.01,10.10,-0.03,-0.03,-0.02,Nice!
2431.00,2274.00,2354.00,2496.00,10.08,-1.09,0.56,0.56,-1.09,10.08,-0.06,-0.03,-0.03,Nice!
2442.00,2245.00,2400.00,2510.00,9.73,-2.77,2.73,2.73,-2.77,9.73,-0.44,1.02,-0.09,Nice!
2455.00,2254.00,2400.00,2512.00,9.32,-1.73,4.14,4.14,-1.73,9.32,-0.07,-0.09,0.01,Nice!
2447.00,2220.00,2393.00,2514.00,9.38,-1.94,4.23,4.23,-1.94,9.38,-0.07,-0.01,-0.04,Nice!
2438.00,2227.00,2381.00,2495.00,9.52,-1.59,3.81,3.81,-1.59,9.52,0.09,-0.03,0.05,Nice!
2469.00,2247.00,2385.00,2523.00,9.56,-1.47,3.90,3.90,-1.47,9.56,0.02,-0.17,-0.00,Nice!
2467.00,2250.00,2360.00,2515.00,9.60,-1.51,3.50,3.50,-1.51,9.60,0.02,-0.10,-0.02,Nice!
2442.00,2241.00,2379.00,2499.00,9.88,-0.82,3.02,3.02,-0.82,9.88,0.78,-0.15,-0.12,Nice!
2448.00,2255.00,2385.00,2495.00,10.13,-0.11,1.84,1.84,-0.11,10.13,1.01,-0.22,-0.17,Nice!
2485.00,2242.00,2366.00,2492.00,10.04,0.52,1.50,1.50,0.52,10.04,0.31,-0.11,0.03,Nice!
2446.00,2243.00,2356.00,2487.00,10.23,-0.01,1.39,1.39,-0.01,10.23,0.83,0.01,0.36,Nice!
2448.00,2238.00,2375.00,2483.00,10.13,-0.03,1.25,1.25,-0.03,10.13,0.35,-0.05,-0.03,Nice!
2470.00,2255.00,2439.00,2512.00,10.10,0.61,1.36,1.36,0.61,10.10,0.13,0.01,0.02,Nice!
2447.00,2240.00,2390.00,2511.00,10.07,0.87,1.70,1.70,0.87,10.07,0.27,-0.04,-0.01,Nice!
2448.00,2256.00,2364.00,2486.00,10.03,0.82,1.69,1.69,0.82,10.03,0.26,-0.02,0.01,Nice!
2466.00,2206.00,2387.00,2471.00,10.08,0.55,1.57,1.57,0.55,10.08,0.17,-0.02,-0.01,Nice!
2480.00,2237.00,2379.00,2503.00,10.01,0.93,1.62,1.62,0.93,10.01,0.04,-0.05,-0.03,Nice!
2448.00,2243.00,2386.00,2492.00,10.08,0.77,1.64,1.64,0.77,10.08,-0.01,-0.04,-0.04,Nice!
2467.00,2239.00,2384.00,2463.00,10.10,0.74,1.77,1.77,0.74,10.10,-0.05,-0.05,-0.03,Nice!
2456.00,2227.00,2390.00,2481.00,10.09,0.80,1.68,1.68,0.80,10.09,-0.05,-0.05,-0.04,Nice!
2432.00,2250.00,2368.00,2523.00,10.04,0.78,1.65,1.65,0.78,10.04,-0.10,-0.07,-0.05,Nice!
2464.00,2235.00,2388.00,2480.00,10.13,0.93,1.56,1.56,0.93,10.13,-0.07,-0.04,-0.02,Nice!
2427.00,2221.00,2407.00,2499.00,10.09,0.91,1.51,1.51,0.91,10.09,-0.05,-0.03,-0.02,Nice!
2478.00,2235.00,2404.00,2491.00,10.04,0.98,1.52,1.52,0.98,10.04,-0.03,-0.04,-0.03,Nice!
2480.00,2226.00,2347.00,2477.00,10.01,0.96,1.54,1.54,0.96,10.01,-0.02,-0.05,-0.02,Nice!
2457.00,2239.00,2384.00,2482.00,10.11,0.85,1.52,1.52,0.85,10.11,-0.05,-0.04,-0.02,Nice!
2429.00,2250.00,2364.00,2492.00,10.07,0.81,1.53,1.53,0.81,10.07,-0.04,-0.04,-0.03,Nice!
2416.00,2246.00,2420.00,2486.00,10.15,0.86,1.42,1.42,0.86,10.15,-0.03,-0.04,-0.02,Nice!
2478.00,2247.00,2384.00,2487.00,10.11,0.88,1.59,1.59,0.88,10.11,-0.04,-0.05,-0.02,Nice!
2469.00,2240.00,2375.00,2491.00,10.10,0.84,1.48,1.48,0.84,10.10,-0.03,-0.04,-0.01,Nice!
2458.00,2256.00,2401.00,2526.00,9.96,0.13,1.59,1.59,0.13,9.96,-1.49,0.16,-0.14,Nice!
2461.00,2253.00,2384.00,2500.00,10.05,0.73,1.75,1.75,0.73,10.05,-1.13,-0.06,-0.17,Nice!
2439.00,2240.00,2365.00,2491.00,9.95,-0.07,2.69,2.69,-0.07,9.95,-0.49,0.05,-0.13,Nice!
2463.00,2260.00,2388.00,2520.00,9.88,-0.08,2.75,2.75,-0.08,9.88,-0.13,-0.01,-0.05,Nice!
2448.00,2252.00,2370.00,2501.00,9.89,0.00,2.85,2.85,0.00,9.89,-0.08,-0.04,-0.01,Nice!
2443.00,2251.00,2381.00,2487.00,9.92,0.06,2.92,2.92,0.06,9.92,-0.02,-0.04,-0.03,Nice!
2401.00,2231.00,2383.00,2511.00,9.86,0.04,2.89,2.89,0.04,9.86,-0.04,-0.05,-0.01,Nice!
2444.00,2258.00,2395.00,2509.00,9.93,0.03,2.90,2.90,0.03,9.93,-0.01,-0.04,-0.03,Nice!
2431.00,2224.00,2395.00,2491.00,9.84,0.06,2.86,2.86,0.06,9.84,-0.04,-0.05,-0.02,Nice!
2467.00,2223.00,2383.00,2491.00,9.96,-0.46,2.84,2.84,-0.46,9.96,-0.14,-0.05,0.08,Nice!
2448.00,2278.00,2390.00,2415.00,9.89,-0.46,2.84,2.84,-0.46,9.89,0.04,-0.03,-0.04,Nice!
2438.00,2245.00,2388.00,2480.00,9.85,-0.27,2.88,2.88,-0.27,9.85,0.04,-0.01,-0.05,Nice!
2418.00,2271.00,2372.00,2495.00,9.84,-0.20,2.85,2.85,-0.20,9.84,0.01,-0.05,-0.04,Nice!
2462.00,2240.00,2407.00,2491.00,9.91,-0.02,2.41,2.41,-0.02,9.91,0.25,-0.21,0.07,Nice!
2444.00,2245.00,2403.00,2496.00,10.06,-0.45,2.01,2.01,-0.45,10.06,1.01,-0.05,-0.10,Nice!
2465.00,2230.00,2430.00,2517.00,10.07,0.15,1.46,1.46,0.15,10.07,0.15,-0.05,-0.02,Nice!
2464.00,2230.00,2378.00,2508.00,10.12,0.23,1.41,1.41,0.23,10.12,0.26,-0.01,-0.02,Nice!
2447.00,2247.00,2373.00,2483.00,10.10,0.43,1.48,1.48,0.43,10.10,0.31,-0.04,0.00,Nice!
2450.00,2253.00,2402.00,2514.00,10.13,0.50,1.35,1.35,0.50,10.13,0.38,-0.02,-0.04,Nice!
2460.00,2253.00,2367.00,2502.00,10.10,0.72,1.33,1.33,0.72,10.10,0.45,-0.01,-0.01,Nice!
2448.00,2244.00,2412.00,2482.00,10.14,0.54,1.42,1.42,0.54,10.14,0.47,0.02,0.00,Nice!
2449.00,2241.00,2417.00,2512.00,10.08,0.82,1.17,1.17,0.82,10.08,0.46,-0.00,0.01,Nice!
2447.00,2237.00,2411.00,2506.00,10.05,0.89,1.22,1.22,0.89,10.05,0.42,-0.07,0.05,Nice!
2432.00,2237.00,2399.00,2497.00,10.14,0.82,0.65,0.65,0.82,10.14,0.42,-0.05,0.03,Nice!
2447.00,2256.00,2388.00,2534.00,10.19,0.26,0.31,0.31,0.26,10.19,0.45,-0.04,0.08,Nice!
2440.00,2269.00,2379.00,2471.00,10.14,0.06,0.27,0.27,0.06,10.14,0.28,-0.02,0.02,Nice!
2442.00,2223.00,2384.00,2494.00,10.21,-0.12,0.66,0.66,-0.12,10.21,-0.05,0.08,-0.06,Nice!
2448.00,2234.00,2374.00,2466.00,10.24,-0.00,0.79,0.79,-0.00,10.24,-0.04,-0.09,0.00,Nice!
2430.00,2255.00,2384.00,2507.00,10.23,0.02,0.68,0.68,0.02,10.23,-0.07,-0.05,-0.02,Nice!
2448.00,2259.00,2397.00,2465.00,10.21,0.10,0.72,0.72,0.10,10.21,-0.08,-0.05,-0.01,Nice!
2448.00,0.00,2397.00,2461.00,10.15,-0.02,0.63,0.63,-0.02,10.15,-0.11,-0.06,-0.01,Nice!
2426.00,0.00,0.00,2486.00,10.18,-0.06,0.62,0.62,-0.06,10.18,-0.04,-0.06,-0.01,Nice!
2448.00,1143.00,2320.00,2481.00,10.21,0.05,0.59,0.59,0.05,10.21,-0.04,-0.03,-0.03,Nice!
2480.00,2242.00,2387.00,2447.00,10.18,-0.13,0.70,0.70,-0.13,10.18,-0.08,-0.05,-0.02,Nice!
2430.00,2228.00,2395.00,2482.00,10.18,0.04,0.64,0.64,0.04,10.18,-0.10,-0.08,-0.01,Nice!
2497.00,2254.00,2373.00,2465.00,10.13,0.02,0.62,0.62,0.02,10.13,-0.02,-0.04,-0.03,Nice!
2451.00,2237.00,2375.00,2494.00,10.22,0.12,0.68,0.68,0.12,10.22,-0.02,-0.05,-0.03,Nice!
2447.00,2263.00,2384.00,2509.00,10.11,0.02,0.53,0.53,0.02,10.11,-0.32,-0.04,-0.01,Nice!
2438.00,2222.00,2389.00,2480.00,10.07,-0.03,0.63,0.63,-0.03,10.07,0.02,-0.05,-0.01,Nice!
2448.00,2235.00,2448.00,2518.00,10.22,0.14,0.41,0.41,0.14,10.22,-0.05,-0.03,-0.01,Nice!
2493.00,2242.00,2379.00,2492.00,10.21,0.11,0.53,0.53,0.11,10.21,-0.03,-0.05,-0.03,Nice!
2470.00,2251.00,2397.00,2495.00,10.14,0.00,0.39,0.39,0.00,10.14,-0.04,-0.03,-0.02,Nice!
2430.00,2244.00,2401.00,2480.00,10.20,0.12,0.48,0.48,0.12,10.20,-0.04,-0.04,-0.02,Nice!
2430.00,2238.00,2379.00,2489.00,10.10,0.11,0.62,0.62,0.11,10.10,-0.13,-0.09,-0.03,Nice!
2438.00,2241.00,2384.00,2494.00,10.13,-0.69,0.38,0.38,-0.69,10.13,-1.22,-0.14,-0.20,Nice!
2480.00,2272.00,2385.00,2489.00,10.06,1.06,0.22,0.22,1.06,10.06,-0.01,-0.12,-0.07,Nice!
2433.00,2256.00,2383.00,2495.00,10.10,0.90,-0.09,-0.09,0.90,10.10,-0.09,-0.06,-0.02,Nice!
2401.00,2246.00,2385.00,2509.00,10.21,0.91,0.05,0.05,0.91,10.21,-0.04,-0.03,-0.00,Nice!
2438.00,2242.00,2379.00,2497.00,10.13,0.86,0.09,0.09,0.86,10.13,-0.03,-0.03,-0.01,Nice!
2445.00,2264.00,2417.00,2495.00,10.10,0.77,0.08,0.08,0.77,10.10,-0.10,-0.04,-0.02,Nice!
2473.00,2246.00,2403.00,2501.00,10.06,1.15,0.44,0.44,1.15,10.06,-0.23,-0.05,-0.07,Nice!
2458.00,2237.00,2381.00,2502.00,10.16,0.85,1.03,1.03,0.85,10.16,-0.82,0.09,-0.14,Nice!
2411.00,2239.00,2385.00,2511.00,9.88,1.32,1.99,1.99,1.32,9.88,-0.56,-0.02,0.06,Nice!
2448.00,2254.00,2386.00,2496.00,10.20,-1.87,0.26,0.26,-1.87,10.20,-0.03,-0.29,0.19,Nice!
2453.00,2246.00,2391.00,2491.00,10.01,-0.18,-0.94,-0.94,-0.18,10.01,-0.06,-0.32,-0.06,Nice!
2455.00,2238.00,2391.00,2483.00,10.05,-0.30,-0.51,-0.51,-0.30,10.05,0.01,0.00,-0.00,Nice!
2437.00,2224.00,2387.00,2508.00,10.11,-0.29,-0.38,-0.38,-0.29,10.11,-0.04,-0.08,-0.02,Nice!
2446.00,2253.00,2402.00,2487.00,10.10,-0.15,-0.75,-0.75,-0.15,10.10,-0.04,-0.03,-0.04,Nice!
2437.00,2262.00,2390.00,2501.00,10.05,-0.16,-0.54,-0.54,-0.16,10.05,-0.04,-0.01,0.00,Nice!
2458.00,2230.00,2395.00,2496.00,10.14,-0.17,-0.59,-0.59,-0.17,10.14,-0.04,-0.07,-0.03,Nice!
2421.00,2241.00,2401.00,2480.00,10.10,-0.27,-0.70,-0.70,-0.27,10.10,-0.03,-0.03,0.00,Nice!
2426.00,2249.00,2420.00,2503.00,10.04,-0.12,-0.53,-0.53,-0.12,10.04,-0.04,-0.04,-0.03,Nice!
2439.00,2231.00,2385.00,2454.00,10.07,-0.15,-0.69,-0.69,-0.15,10.07,-0.05,-0.01,-0.01,Nice!
2459.00,2251.00,2379.00,2507.00,10.02,-0.37,1.68,1.68,-0.37,10.02,-0.18,0.20,0.08,Nice!
2438.00,2273.00,2381.00,2492.00,10.07,-1.23,1.16,1.16,-1.23,10.07,-0.28,0.22,0.14,Nice!
2471.00,2273.00,2393.00,2485.00,9.97,-1.55,1.64,1.64,-1.55,9.97,-0.02,-0.09,0.01,Nice!
2438.00,2233.00,2383.00,2498.00,9.96,-1.88,1.63,1.63,-1.88,9.96,0.03,0.04,-0.03,Nice!
2436.00,2254.00,2369.00,2443.00,9.94,-1.81,1.42,1.42,-1.81,9.94,0.00,-0.12,-0.01,Nice!
2461.00,2242.00,2403.00,2496.00,10.11,-1.46,1.28,1.28,-1.46,10.11,-0.02,0.01,-0.02,Nice!
2453.00,2238.00,2374.00,2490.00,10.04,-1.35,1.31,1.31,-1.35,10.04,-0.04,-0.03,-0.06,Nice!
2473.00,2267.00,2386.00,2479.00,9.95,-1.41,1.44,1.44,-1.41,9.95,-0.04,-0.05,-0.02,Nice!
2463.00,2245.00,2398.00,2493.00,10.03,-1.39,1.39,1.39,-1.39,10.03,-0.02,-0.05,-0.02,Nice!
2429.00,2269.00,2379.00,2495.00,10.00,-1.43,1.35,1.35,-1.43,10.00,-0.07,-0.04,-0.07,Nice!
2427.00,2245.00,2436.00,2464.00,10.09,-1.40,2.13,2.13,-1.40,10.09,-0.03,-0.13,-0.17,Nice!
2441.00,2249.00,2407.00,2508.00,10.01,-1.13,0.88,0.88,-1.13,10.01,-0.02,0.22,-0.00,Nice!
2434.00,2256.00,2411.00,2501.00,10.08,-1.41,1.06,1.06,-1.41,10.08,-0.04,-0.07,-0.05,Nice!
2462.00,2224.00,2393.00,2480.00,10.09,-1.80,0.18,0.18,-1.80,10.09,-0.03,-0.17,-0.08,Nice!
2499.00,2240.00,2401.00,2496.00,10.08,-1.00,0.38,0.38,-1.00,10.08,-0.03,-0.01,0.00,Nice!
2451.00,2239.00,2399.00,2480.00,10.23,-0.76,0.37,0.37,-0.76,10.23,-0.03,-0.06,-0.06,Nice!
2448.00,2241.00,2416.00,2493.00,10.18,-0.63,0.04,0.04,-0.63,10.18,-0.03,-0.08,-0.07,Nice!
2442.00,2217.00,2384.00,2486.00,10.11,-0.84,0.00,0.00,-0.84,10.11,-0.04,-0.03,-0.02,Nice!
2480.00,2245.00,2391.00,2497.00,10.10,-0.82,0.19,0.19,-0.82,10.10,-0.02,-0.04,-0.01,Nice!
2457.00,2243.00,2428.00,2522.00,10.13,-0.70,0.12,0.12,-0.70,10.13,-0.04,-0.03,0.00,Nice!
2417.00,2215.00,2398.00,2458.00,10.13,-1.17,-0.11,-0.11,-1.17,10.13,0.07,-0.05,0.03,Nice!
2457.00,2228.00,2385.00,2503.00,10.15,-0.65,0.71,0.71,-0.65,10.15,0.09,0.05,0.03,Nice!
2447.00,2234.00,2406.00,2497.00,10.10,-0.63,0.65,0.65,-0.63,10.10,0.35,-0.02,-0.06,Nice!
2449.00,2243.00,2385.00,2512.00,10.14,-0.45,0.73,0.73,-0.45,10.14,0.33,-0.04,-0.10,Nice!
2435.00,2257.00,2397.00,2481.00,10.08,-0.23,0.76,0.76,-0.23,10.08,0.11,-0.04,-0.03,Nice!
2465.00,2224.00,2387.00,2495.00,10.21,-0.42,0.79,0.79,-0.42,10.21,0.41,-0.06,-0.06,Nice!
2465.00,2238.00,2388.00,2485.00,10.18,0.02,0.11,0.11,0.02,10.18,0.48,-0.08,-0.02,Nice!
2467.00,2251.00,2381.00,2496.00,10.18,0.24,0.30,0.30,0.24,10.18,0.00,-0.02,-0.04,Nice!
2394.00,2226.00,2416.00,2494.00,10.20,0.24,0.39,0.39,0.24,10.20,-0.01,-0.04,-0.02,Nice!
2438.00,2246.00,2397.00,2491.00,10.14,0.36,0.49,0.49,0.36,10.14,-0.05,-0.06,-0.01,Nice!
2448.00,2261.00,2391.00,2497.00,10.19,0.26,0.27,0.27,0.26,10.19,0.00,-0.03,-0.05,Nice!
2457.00,2247.00,2416.00,2487.00,10.04,0.69,0.43,0.43,0.69,10.04,0.81,0.05,-0.12,Nice!
2423.00,2290.00,2404.00,2487.00,10.18,0.30,0.34,0.34,0.30,10.18,-0.19,-0.03,-0.04,Nice!
2466.00,2251.00,2391.00,2510.00,10.16,0.13,0.46,0.46,0.13,10.16,-0.14,-0.01,0.07,Nice!
2448.00,2244.00,2373.00,2469.00,10.07,0.50,0.40,0.40,0.50,10.07,-0.04,-0.05,0.04,Nice!
2449.00,2246.00,2389.00,2515.00,10.19,0.61,0.38,0.38,0.61,10.19,-0.08,-0.03,-0.14,Nice!
2434.00,2269.00,2397.00,2474.00,10.11,0.57,0.48,0.48,0.57,10.11,-0.07,0.06,-0.17,Nice!
2435.00,2256.00,2366.00,2469.00,10.10,0.77,0.36,0.36,0.77,10.10,0.03,0.11,0.05,Nice!
2398.00,2239.00,2359.00,2480.00,10.16,0.25,0.58,0.58,0.25,10.16,-0.08,0.04,0.02,Nice!
2459.00,2240.00,2390.00,2483.00,10.14,0.46,0.71,0.71,0.46,10.14,-0.04,-0.01,-0.01,Nice!
2434.00,2252.00,2419.00,2528.00,10.11,0.34,0.84,0.84,0.34,10.11,-0.02,-0.02,-0.06,Nice!
2421.00,2250.00,2407.00,2478.00,10.15,0.42,0.83,0.83,0.42,10.15,-0.02,-0.04,-0.03,Nice!
2478.00,2253.00,2359.00,2538.00,10.16,0.39,0.84,0.84,0.39,10.16,-0.03,-0.05,-0.04,Nice!
2423.00,2257.00,2355.00,2498.00,10.16,0.54,0.76,0.76,0.54,10.16,-0.03,-0.03,-0.05,Nice!
2464.00,2263.00,2371.00,2480.00,10.13,0.52,0.75,0.75,0.52,10.13,-0.04,-0.05,-0.04,Nice!
2463.00,2228.00,2385.00,2485.00,10.10,0.61,0.81,0.81,0.61,10.10,-0.05,-0.04,-0.03,Nice!
2406.00,2243.00,2385.00,2491.00,10.15,0.48,0.76,0.76,0.48,10.15,-0.02,-0.04,-0.02,Nice!
2452.00,2202.00,2399.00,2487.00,10.14,0.69,0.87,0.87,0.69,10.14,-0.06,-0.06,-0.20,Nice!
2431.00,2253.00,2393.00,2495.00,10.13,0.83,1.04,1.04,0.83,10.13,-0.08,-0.07,0.02,Nice!
2435.00,2245.00,2405.00,2497.00,10.10,1.24,1.04,1.04,1.24,10.10,-0.07,0.06,0.06,Nice!
2457.00,2227.00,2405.00,2517.00,10.08,1.02,0.97,0.97,1.02,10.08,0.01,0.03,0.03,Nice!
2397.00,2256.00,2384.00,2490.00,10.05,0.67,1.06,1.06,0.67,10.05,-0.06,0.02,0.11,Nice!
2416.00,2237.00,2416.00,2556.00,10.17,0.01,0.64,0.64,0.01,10.17,-0.04,-0.02,0.03,Nice!
2457.00,2237.00,2384.00,2506.00,10.08,0.39,0.74,0.74,0.39,10.08,-0.02,0.00,-0.00,Nice!
2447.00,2266.00,2384.00,2466.00,10.15,-0.14,0.46,0.46,-0.14,10.15,-0.07,-0.03,-0.01,Nice!
2427.00,2245.00,2391.00,2471.00,10.16,0.06,0.54,0.54,0.06,10.16,-0.05,-0.04,-0.03,Nice!
2439.00,2224.00,2402.00,2495.00,10.21,0.10,0.59,0.59,0.10,10.21,-0.03,-0.03,-0.03,Nice!
2448.00,2251.00,2383.00,2502.00,10.23,0.09,0.38,0.38,0.09,10.23,-0.04,0.01,-0.02,Nice!
2461.00,2231.00,2405.00,2503.00,10.18,0.03,0.72,0.72,0.03,10.18,-0.12,0.07,0.02,Nice!
2465.00,2215.00,2388.00,2480.00,10.13,0.26,0.73,0.73,0.26,10.13,-0.02,-0.04,-0.02,Nice!
2448.00,2235.00,2389.00,2473.00,10.12,0.31,0.65,0.65,0.31,10.12,-0.07,-0.03,-0.04,Nice!
2439.00,2239.00,2399.00,2509.00,10.22,-0.40,0.65,0.65,-0.40,10.22,-0.55,-0.02,-0.00,Nice!
2462.00,2251.00,2393.00,2480.00,10.24,0.07,0.86,0.86,0.07,10.24,-0.43,-0.04,-0.01,Nice!
2455.00,2256.00,2390.00,2490.00,10.18,0.01,0.72,0.72,0.01,10.18,-0.45,0.04,0.03,Nice!
2429.00,2224.00,2397.00,2486.00,10.11,-0.33,0.88,0.88,-0.33,10.11,-0.20,0.03,-0.06,Nice!
2446.00,2255.00,2381.00,2507.00,10.13,-0.21,1.08,1.08,-0.21,10.13,-0.06,0.01,0.01,Nice!
2470.00,2249.00,2389.00,2484.00,10.04,0.15,1.09,1.09,0.15,10.04,-0.39,-0.00,-0.01,Nice!
2454.00,2238.00,2429.00,2541.00,10.09,-0.57,0.63,0.63,-0.57,10.09,-0.93,0.06,0.00,Nice!
2407.00,2267.00,2374.00,2539.00,10.07,-1.28,1.43,1.43,-1.28,10.07,-0.27,0.05,-0.02,Nice!
2454.00,2250.00,2403.00,2480.00,10.11,-0.68,1.60,1.60,-0.68,10.11,-0.11,-0.02,-0.11,Nice!
2467.00,2230.00,2385.00,2475.00,10.14,-0.69,1.63,1.63,-0.69,10.14,-0.12,-0.03,-0.03,Nice!
2448.00,2257.00,2397.00,2509.00,10.10,-0.55,2.00,2.00,-0.55,10.10,0.12,-0.14,-0.06,Nice!
2469.00,2237.00,2400.00,2475.00,10.23,-1.07,-0.19,-0.19,-1.07,10.23,0.42,-0.19,-0.03,Nice!
2454.00,2286.00,2407.00,2491.00,10.16,-0.57,-0.14,-0.14,-0.57,10.16,-0.10,-0.04,0.02,Nice!
2451.00,2247.00,2393.00,2502.00,10.18,-0.64,0.15,0.15,-0.64,10.18,0.13,-0.02,-0.03,Nice!
2448.00,2242.00,2400.00,2494.00,10.17,-0.50,0.15,0.15,-0.50,10.17,-0.03,-0.06,-0.02,Nice!
2477.00,2230.00,2374.00,2490.00,10.16,-0.59,-0.05,-0.05,-0.59,10.16,0.05,-0.05,-0.02,Nice!
2427.00,2253.00,2415.00,2480.00,10.11,-0.57,0.20,0.20,-0.57,10.11,0.22,-0.06,-0.05,Nice!
2468.00,2236.00,2405.00,2484.00,10.12,-0.53,0.25,0.25,-0.53,10.12,-0.06,-0.06,-0.02,Nice!
2391.00,2235.00,2391.00,2515.00,10.14,-0.53,0.14,0.14,-0.53,10.14,-0.02,-0.02,-0.02,Nice!
2453.00,2251.00,2409.00,2454.00,10.13,-0.49,0.19,0.19,-0.49,10.13,-0.02,-0.03,-0.02,Nice!
2463.00,2253.00,2386.00,2490.00,10.18,-0.55,0.23,0.23,-0.55,10.18,-0.03,-0.03,-0.01,Nice!
2463.00,2240.00,2387.00,2497.00,10.14,-0.10,0.32,0.32,-0.10,10.14,0.72,-0.04,-0.10,Nice!
2480.00,2253.00,2405.00,2508.00,10.13,0.02,0.34,0.34,0.02,10.13,0.57,-0.07,-0.07,Nice!
2416.00,2260.00,2384.00,2511.00,10.17,-0.03,0.34,0.34,-0.03,10.17,0.10,-0.04,-0.04,Nice!
2459.00,2256.00,2401.00,2512.00,10.15,0.03,0.38,0.38,0.03,10.15,-0.05,-0.05,-0.02,Nice!
2423.00,2269.00,2385.00,2554.00,10.18,0.01,0.31,0.31,0.01,10.18,-0.03,-0.04,-0.02,Nice!
2462.00,2240.00,2390.00,2481.00,10.23,0.04,0.36,0.36,0.04,10.23,-0.04,-0.04,-0.03,Nice!
2463.00,2245.00,2398.00,2479.00,10.13,0.03,0.54,0.54,0.03,10.13,-0.03,-0.04,-0.03,Nice!
2464.00,2237.00,2378.00,2535.00,10.19,0.03,0.40,0.40,0.03,10.19,-0.05,-0.06,-0.03,Nice!
2426.00,2266.00,2384.00,2465.00,10.25,0.21,0.45,0.45,0.21,10.25,0.00,0.00,-0.01,Nice!
2455.00,2231.00,2382.00,2490.00,10.11,0.13,0.61,0.61,0.13,10.11,-0.04,-0.00,0.01,Nice!
2390.00,2238.00,2364.00,2503.00,10.18,-0.11,0.59,0.59,-0.11,10.18,-0.03,-0.03,-0.03,Nice!
2438.00,2266.00,2395.00,2473.00,10.15,0.06,0.53,0.53,0.06,10.15,-0.04,-0.03,-0.03,Nice!
2466.00,2240.00,2389.00,2498.00,10.26,-0.11,0.51,0.51,-0.11,10.26,-0.04,-0.00,0.01,Nice!
2449.00,2238.00,2397.00,2535.00,10.15,0.17,0.69,0.69,0.17,10.15,-0.13,-0.11,-0.20,Nice!
2462.00,2195.00,2397.00,2490.00,10.10,0.49,1.00,1.00,0.49,10.10,0.02,-0.04,0.03,Nice!
2423.00,2240.00,2411.00,2489.00,10.18,0.62,1.15,1.15,0.62,10.18,0.19,0.13,0.02,Nice!
2454.00,2257.00,2370.00,2459.00,10.14,0.17,1.21,1.21,0.17,10.14,-0.08,-0.17,0.11,Nice!
2458.00,2217.00,2390.00,2461.00,10.17,0.16,0.95,0.95,0.16,10.17,-0.08,-0.03,0.07,Nice!
2469.00,2251.00,2394.00,2485.00,10.17,0.12,0.82,0.82,0.12,10.17,-0.07,-0.08,0.00,Nice!
2466.00,2230.00,2422.00,2465.00,10.09,0.42,1.01,1.01,0.42,10.09,-0.04,-0.02,0.02,Nice!
2459.00,2265.00,2411.00,2484.00,10.16,0.29,0.83,0.83,0.29,10.16,-0.04,-0.08,-0.09,Nice!
2455.00,2225.00,2368.00,2495.00,10.22,0.00,0.74,0.74,0.00,10.22,-0.06,0.05,0.16,Nice!
2447.00,2218.00,2384.00,2474.00,10.13,-0.15,0.69,0.69,-0.15,10.13,0.03,-0.07,-0.14,Nice!
2441.00,2251.00,2392.00,2503.00,10.18,0.02,0.61,0.61,0.02,10.18,-0.00,-0.02,-0.02,Nice!
2435.00,2251.00,2390.00,2523.00,10.15,0.08,0.63,0.63,0.08,10.15,-0.07,-0.01,-0.04,Nice!
2441.00,2255.00,2385.00,2484.00,10.19,0.34,0.99,0.99,0.34,10.19,-0.01,-0.02,-0.03,Nice!
2470.00,2219.00,2381.00,2480.00,10.15,0.32,0.77,0.77,0.32,10.15,-0.12,-0.09,-0.10,Nice!
2448.00,2247.00,2391.00,2497.00,10.17,0.50,0.73,0.73,0.50,10.17,-0.32,-0.03,-0.01,Nice!
2467.00,2273.00,2419.00,2475.00,10.02,0.09,0.82,0.82,0.09,10.02,-2.14,0.13,0.02,Nice!
2435.00,2265.00,2366.00,2512.00,10.07,-0.70,1.70,1.70,-0.70,10.07,-0.31,0.01,-0.06,Nice!
2445.00,2257.00,2417.00,2509.00,10.08,-0.27,0.39,0.39,-0.27,10.08,0.18,-0.16,-0.02,Nice!
2455.00,2223.00,2375.00,2512.00,10.15,-0.65,0.57,0.57,-0.65,10.15,-0.02,-0.04,0.02,Nice!
2507.00,2222.00,2433.00,2525.00,10.20,-0.74,0.67,0.67,-0.74,10.20,-0.05,-0.09,-0.03,Nice!
2458.00,2224.00,2400.00,2509.00,10.10,-0.74,0.55,0.55,-0.74,10.10,-0.03,-0.04,-0.03,Nice!
2453.00,2277.00,2362.00,2511.00,10.12,-0.74,0.54,0.54,-0.74,10.12,-0.03,-0.03,-0.02,Nice!
2448.00,2229.00,2373.00,2495.00,10.15,-0.69,0.58,0.58,-0.69,10.15,-0.04,-0.05,-0.03,Nice!
2469.00,2242.00,2387.00,2480.00,10.10,-0.76,0.54,0.54,-0.76,10.10,-0.03,-0.07,-0.02,Nice!
2451.00,2267.00,2383.00,2493.00,10.16,-0.76,0.66,0.66,-0.76,10.16,-0.04,-0.05,-0.02,Nice!
2450.00,2273.00,2386.00,2488.00,10.23,-0.77,0.60,0.60,-0.77,10.23,-0.02,-0.04,-0.02,Nice!
2434.00,2239.00,2379.00,2499.00,10.22,-0.70,0.67,0.67,-0.70,10.22,0.12,-0.05,-0.04,Nice!
2447.00,2235.00,2423.00,2509.00,9.98,-0.10,0.77,0.77,-0.10,9.98,1.53,0.04,-0.19,Nice!
2477.00,2254.00,2375.00,2499.00,10.20,-0.02,0.81,0.81,-0.02,10.20,0.57,-0.02,-0.05,Nice!
2497.00,2293.00,2395.00,2500.00,10.12,0.16,0.75,0.75,0.16,10.12,0.37,-0.08,0.01,Nice!
2470.00,2242.00,2411.00,2495.00,10.13,-0.10,0.83,0.83,-0.10,10.13,0.14,-0.04,0.03,Nice!
2483.00,2246.00,2375.00,2482.00,10.15,-0.15,0.89,0.89,-0.15,10.15,0.05,-0.03,0.01,Nice!
2464.00,2224.00,2358.00,2499.00,10.11,-0.23,0.69,0.69,-0.23,10.11,-0.04,-0.06,-0.02,Nice!
2449.00,2256.00,2363.00,2459.00,10.25,-0.14,0.69,0.69,-0.14,10.25,0.03,-0.05,-0.03,Nice!
2449.00,2241.00,2374.00,2512.00,10.08,-0.05,0.92,0.92,-0.05,10.08,0.08,0.03,-0.03,Nice!
2447.00,2238.00,2386.00,2480.00,10.08,-0.05,1.13,1.13,-0.05,10.08,-0.02,-0.06,-0.04,Nice!
2447.00,2224.00,2403.00,2512.00,10.17,-0.08,1.79,1.79,-0.08,10.17,0.02,0.05,-0.02,Nice!
2438.00,2234.00,2377.00,2496.00,10.10,0.13,1.77,1.77,0.13,10.10,0.20,0.07,-0.01,Nice!
2453.00,2261.00,2368.00,2503.00,9.96,0.22,2.24,2.24,0.22,9.96,0.46,0.07,-0.01,Nice!
2452.00,2241.00,2400.00,2487.00,9.90,0.60,2.51,2.51,0.60,9.90,0.49,-0.02,0.01,Nice!
2490.00,2233.00,2432.00,2525.00,9.92,0.72,2.49,2.49,0.72,9.92,0.18,-0.04,0.04,Nice!
2426.00,2245.00,2391.00,2512.00,9.93,0.73,2.23,2.23,0.73,9.93,0.03,-0.05,0.01,Nice!
2439.00,2238.00,2384.00,2461.00,9.86,1.49,2.40,2.40,1.49,9.86,-0.79,-0.08,-0.02,Nice!
2450.00,2273.00,2390.00,2526.00,10.08,1.14,1.84,1.84,1.14,10.08,-1.44,-0.15,-0.10,Nice!
2485.00,2226.00,2411.00,2517.00,9.97,0.06,1.35,1.35,0.06,9.97,-0.29,-0.18,-0.16,Nice!
2433.00,2255.00,2384.00,2487.00,9.87,0.45,2.00,2.00,0.45,9.87,-0.17,0.08,-0.13,Nice!
2445.00,2239.00,2371.00,2464.00,10.21,0.30,2.10,2.10,0.30,10.21,-0.01,0.38,-0.32,Nice!
2439.00,2260.00,2414.00,2473.00,12.14,2.27,2.46,2.46,2.27,12.14,-1.00,0.59,-0.62,Nice!
2469.00,2261.00,2401.00,2470.00,9.56,1.70,3.71,3.71,1.70,9.56,-0.18,0.02,-0.16,Nice!
2411.00,2252.00,2365.00,2486.00,8.93,2.15,4.53,4.53,2.15,8.93,-0.18,0.05,-0.15,Nice!
2441.00,2231.00,2368.00,2509.00,8.92,2.23,4.77,4.77,2.23,8.92,0.01,-0.00,-0.03,Nice!
2448.00,272.00,2386.00,2477.00,8.65,2.51,5.12,5.12,2.51,8.65,-0.08,0.01,-0.07,Nice!
2475.00,245.00,2372.00,2511.00,8.61,2.35,5.28,5.28,2.35,8.61,-0.05,0.05,-0.07,Nice!
2408.00,206.00,2382.00,2491.00,8.71,2.33,5.17,5.17,2.33,8.71,-0.06,-0.03,-0.03,Nice!
2448.00,2128.00,2406.00,2474.00,8.54,2.56,5.43,5.43,2.56,8.54,-0.06,-0.01,-0.05,Nice!
2469.00,2207.00,2432.00,2491.00,8.51,2.46,5.37,5.37,2.46,8.51,-0.05,-0.03,-0.02,Nice!
2479.00,2253.00,2384.00,2497.00,8.47,2.40,5.40,5.40,2.40,8.47,-0.06,-0.08,-0.01,Nice!
2432.00,2209.00,2381.00,2475.00,8.81,2.12,5.03,5.03,2.12,8.81,-0.12,-0.25,0.03,Nice!
2487.00,2240.00,2403.00,2491.00,9.46,1.69,3.95,3.95,1.69,9.46,-0.17,-0.34,0.03,Nice!
2459.00,2256.00,2388.00,2507.00,9.61,1.37,3.31,3.31,1.37,9.61,-0.10,-0.19,0.03,Nice!
2426.00,2256.00,2384.00,2496.00,9.87,0.99,2.65,2.65,0.99,9.87,-0.03,-0.22,0.07,Nice!
2451.00,2256.00,2379.00,2478.00,9.90,0.81,2.33,2.33,0.81,9.90,-0.07,-0.11,0.01,Nice!
2480.00,2238.00,2384.00,2471.00,10.04,0.58,1.87,1.87,0.58,10.04,-0.04,-0.15,0.04,Nice!
2451.00,2227.00,2398.00,2451.00,10.08,0.45,1.67,1.67,0.45,10.08,-0.05,-0.12,0.01,Nice!
2489.00,2246.00,2353.00,2464.00,10.10,0.17,0.92,0.92,0.17,10.10,-0.07,-0.09,0.00,Nice!
2459.00,2255.00,2380.00,2475.00,10.06,0.04,0.62,0.62,0.04,10.06,-0.03,-0.10,0.02,Nice!
2421.00,2231.00,2384.00,2487.00,10.21,-0.37,0.10,0.10,-0.37,10.21,-0.04,-0.10,0.00,Nice!
2436.00,2256.00,2391.00,2487.00,10.23,-0.42,-0.20,-0.20,-0.42,10.23,-0.06,-0.14,0.02,Nice!
2432.00,2265.00,2435.00,2507.00,10.17,-0.51,-0.59,-0.59,-0.51,10.17,-0.04,-0.07,-0.01,Nice!
2466.00,2251.00,2329.00,2478.00,10.14,-0.63,-0.70,-0.70,-0.63,10.14,-0.03,-0.06,-0.02,Nice!
2463.00,2240.00,2406.00,2493.00,10.09,-0.60,-0.70,-0.70,-0.60,10.09,-0.03,-0.05,-0.02,Nice!
2463.00,2254.00,2406.00,2470.00,10.15,-0.58,-0.73,-0.73,-0.58,10.15,-0.03,-0.04,-0.03,Nice!
2415.00,2275.00,2370.00,2486.00,10.02,-0.71,-0.62,-0.62,-0.71,10.02,-0.04,-0.06,-0.02,Nice!
2453.00,2253.00,2384.00,2494.00,10.06,-0.64,-0.56,-0.56,-0.64,10.06,-0.05,-0.04,-0.02,Nice!
2443.00,2248.00,2391.00,2480.00,10.08,-0.59,-0.83,-0.83,-0.59,10.08,-0.03,-0.05,-0.02,Nice!
2391.00,2272.00,2363.00,2468.00,10.04,-0.66,-0.75,-0.75,-0.66,10.04,-0.04,-0.05,-0.03,Nice!
2463.00,2240.00,2362.00,2507.00,10.10,-0.71,-0.95,-0.95,-0.71,10.10,-0.06,0.10,-0.06,Nice!
2466.00,2277.00,2410.00,2484.00,10.08,-0.42,-0.43,-0.43,-0.42,10.08,-0.03,-0.01,-0.04,Nice!
2480.00,2256.00,2387.00,2487.00,10.03,-0.35,0.11,0.11,-0.35,10.03,-0.22,0.00,-0.02,Nice!
2443.00,2247.00,2370.00,2475.00,10.17,-0.14,0.15,0.15,-0.14,10.17,-0.03,0.02,-0.01,Nice!
2448.00,0.00,2417.00,2502.00,10.22,-0.23,0.46,0.46,-0.23,10.22,-0.05,0.01,0.00,Nice!
2475.00,0.00,2364.00,2519.00,10.20,-0.18,0.81,0.81,-0.18,10.20,-0.05,-0.03,-0.02,Nice!
2456.00,2219.00,2390.00,2498.00,10.10,-0.16,0.90,0.90,-0.16,10.10,-0.07,-0.09,-0.01,Nice!
2430.00,2245.00,2416.00,2476.00,10.12,-0.25,0.76,0.76,-0.25,10.12,-0.04,-0.06,-0.02,Nice!
2491.00,2219.00,2384.00,2466.00,10.22,-0.27,0.67,0.67,-0.27,10.22,-0.04,-0.03,0.01,Nice!
2442.00,0.00,2372.00,2483.00,10.15,-0.19,0.82,0.82,-0.19,10.15,-0.04,-0.01,-0.03,Nice!
2464.00,2245.00,2402.00,2490.00,10.18,-0.31,0.89,0.89,-0.31,10.18,-0.06,-0.02,-0.03,Nice!
2428.00,2261.00,2400.00,2485.00,10.16,-0.31,0.93,0.93,-0.31,10.16,-0.03,-0.03,-0.02,Nice!
2442.00,2231.00,2433.00,2497.00,10.21,-0.31,0.89,0.89,-0.31,10.21,-0.04,-0.04,-0.02,Nice!
2458.00,1660.00,2372.00,2466.00,10.09,-0.31,0.99,0.99,-0.31,10.09,-0.04,-0.04,-0.02,Nice!
2470.00,1785.00,2389.00,2509.00,10.16,-0.23,0.83,0.83,-0.23,10.16,-0.04,-0.04,-0.02,Nice!
2483.00,1777.00,2384.00,2512.00,10.13,-0.16,0.90,0.90,-0.16,10.13,-0.04,-0.04,-0.02,Nice!
2445.00,1763.00,2389.00,2490.00,10.11,-0.29,0.94,0.94,-0.29,10.11,-0.01,-0.04,-0.00,Nice!
2435.00,0.00,2413.00,2484.00,10.20,-0.34,1.03,1.03,-0.34,10.20,-0.01,0.01,-0.02,Nice!
2485.00,0.00,2406.00,2501.00,10.07,-0.23,1.12,1.12,-0.23,10.07,-0.01,-0.04,-0.01,Nice!
2478.00,0.00,2407.00,2487.00,10.09,-0.35,0.91,0.91,-0.35,10.09,-0.04,-0.05,-0.03,Nice!
2445.00,0.00,2411.00,2513.00,10.13,-0.31,0.96,0.96,-0.31,10.13,-0.04,-0.03,-0.02,Nice!
2467.00,0.00,2386.00,2463.00,10.16,-0.31,1.00,1.00,-0.31,10.16,-0.03,-0.04,-0.02,Nice!
2453.00,0.00,2357.00,2503.00,10.13,-0.28,1.01,1.01,-0.28,10.13,-0.02,-0.03,-0.02,Nice!
2426.00,0.00,2380.00,2493.00,10.21,-0.26,0.99,0.99,-0.26,10.21,-0.03,-0.03,-0.03,Nice!
2458.00,0.00,2370.00,2451.00,10.19,-0.20,1.02,1.02,-0.20,10.19,-0.03,-0.05,-0.01,Nice!
2489.00,0.00,2362.00,2483.00,10.15,-0.28,0.82,0.82,-0.28,10.15,-0.04,-0.05,-0.02,Nice!
2455.00,0.00,2389.00,2507.00,10.19,-0.36,0.96,0.96,-0.36,10.19,-0.03,-0.05,-0.02,Nice!
2502.00,0.00,2389.00,2497.00,10.16,-0.46,1.02,1.02,-0.46,10.16,-0.03,-0.05,0.01,Nice!
2435.00,1552.00,2401.00,2513.00,10.15,-0.45,0.97,0.97,-0.45,10.15,0.02,-0.01,0.00,Nice!
2445.00,0.00,2378.00,2496.00,10.02,-0.40,1.13,1.13,-0.40,10.02,-0.04,-0.00,-0.02,Nice!
2449.00,0.00,2372.00,2518.00,10.05,-0.46,1.13,1.13,-0.46,10.05,-0.08,-0.05,-0.03,Nice!
2451.00,0.00,2389.00,2485.00,10.19,-0.76,0.84,0.84,-0.76,10.19,-0.03,-0.08,0.00,Nice!
2417.00,0.00,2395.00,2480.00,10.05,-0.70,0.95,0.95,-0.70,10.05,-0.02,-0.05,-0.01,Nice!
2414.00,0.00,2374.00,2497.00,10.06,-0.73,0.93,0.93,-0.73,10.06,-0.04,-0.07,-0.01,Nice!
2431.00,0.00,2386.00,2497.00,10.22,-0.75,0.80,0.80,-0.75,10.22,-0.04,-0.03,-0.04,Nice!
2431.00,0.00,2385.00,2497.00,10.22,-0.79,0.84,0.84,-0.79,10.22,-0.05,-0.06,-0.02,Nice!
2459.00,0.00,2388.00,2508.00,10.20,-0.78,0.72,0.72,-0.78,10.20,-0.04,-0.07,-0.01,Nice!
2469.00,0.00,2307.00,2502.00,10.11,-0.85,0.60,0.60,-0.85,10.11,-0.01,-0.05,-0.03,Nice!
2434.00,0.00,2400.00,2475.00,10.08,-0.67,0.59,0.59,-0.67,10.08,-0.03,-0.00,-0.02,Nice!
2437.00,0.00,2370.00,2527.00,10.16,-0.78,0.67,0.67,-0.78,10.16,0.01,-0.10,0.01,Nice!
2431.00,0.00,2384.00,2498.00,10.08,-0.82,0.74,0.74,-0.82,10.08,-0.04,-0.07,-0.00,Nice!
2443.00,0.00,2371.00,2451.00,10.08,-0.90,0.68,0.68,-0.90,10.08,-0.04,-0.07,-0.03,Nice!
2396.00,0.00,2368.00,2505.00,10.07,-0.71,0.71,0.71,-0.71,10.07,-0.01,-0.06,-0.01,Nice!
2401.00,0.00,2384.00,2511.00,10.29,-0.97,0.43,0.43,-0.97,10.29,-0.03,0.05,-0.06,Nice!
2426.00,0.00,2416.00,2502.00,10.08,-0.55,0.67,0.67,-0.55,10.08,-0.18,-0.23,0.00,Nice!
2435.00,0.00,2381.00,2489.00,10.21,-0.60,0.85,0.85,-0.60,10.21,-0.03,0.07,-0.07,Nice!
2411.00,0.00,2384.00,2501.00,10.12,-0.57,0.97,0.97,-0.57,10.12,-0.03,-0.02,-0.02,Nice!
2418.00,0.00,2407.00,2464.00,10.11,-0.54,0.87,0.87,-0.54,10.11,-0.04,-0.05,-0.02,Nice!
2459.00,0.00,2391.00,2519.00,10.24,-0.53,0.93,0.93,-0.53,10.24,-0.03,-0.04,-0.01,Nice!
2434.00,2224.00,2416.00,2498.00,10.35,-0.65,0.70,0.70,-0.65,10.35,-0.00,-0.08,-0.00,Nice!
2415.00,2259.00,2403.00,2473.00,10.17,-0.55,0.89,0.89,-0.55,10.17,-0.02,-0.04,-0.02,Nice!
2474.00,2257.00,2383.00,2509.00,10.13,-0.50,0.76,0.76,-0.50,10.13,-0.03,-0.03,-0.02,Nice!
2447.00,2235.00,2373.00,2492.00,10.18,-0.45,0.79,0.79,-0.45,10.18,-0.03,0.05,-0.07,Nice!
2467.00,2224.00,2400.00,2464.00,10.27,-0.56,1.15,1.15,-0.56,10.27,-0.08,-0.01,-0.07,Nice!
2453.00,2241.00,2386.00,2489.00,10.11,-0.44,1.13,1.13,-0.44,10.11,-0.05,-0.04,-0.04,Nice!
2455.00,2241.00,2399.00,2475.00,10.06,-0.35,1.21,1.21,-0.35,10.06,-0.03,-0.04,-0.02,Nice!
2434.00,2251.00,2384.00,2457.00,10.16,-0.32,1.15,1.15,-0.32,10.16,-0.02,-0.04,-0.03,Nice!
2423.00,2237.00,2386.00,2498.00,10.14,-0.40,1.07,1.07,-0.40,10.14,-0.03,-0.04,-0.02,Nice!
2429.00,2213.00,2369.00,2466.00,10.16,-0.53,1.23,1.23,-0.53,10.16,-0.04,-0.05,-0.02,Nice!
2491.00,2240.00,2399.00,2496.00,10.14,-0.38,1.09,1.09,-0.38,10.14,-0.03,-0.05,-0.02,Nice!
2432.00,2252.00,2372.00,2495.00,10.14,-0.55,1.08,1.08,-0.55,10.14,-0.03,-0.06,-0.00,Nice!
2463.00,2243.00,2416.00,2471.00,10.15,-0.32,1.03,1.03,-0.32,10.15,-0.03,-0.04,-0.01,Nice!
2457.00,2235.00,2375.00,2500.00,10.07,-0.46,1.07,1.07,-0.46,10.07,-0.03,-0.03,-0.02,Nice!
2466.00,2218.00,2406.00,2487.00,10.08,-0.21,1.17,1.17,-0.21,10.08,-0.05,-0.05,-0.03,Nice!
2478.00,2231.00,2395.00,2491.00,10.14,-0.36,1.05,1.05,-0.36,10.14,-0.04,-0.04,-0.04,Nice!
2456.00,2259.00,2400.00,2480.00,10.18,-0.53,1.07,1.07,-0.53,10.18,-0.03,-0.07,-0.00,Nice!
2449.00,2258.00,2386.00,2480.00,10.07,-0.43,1.05,1.05,-0.43,10.07,-0.03,-0.06,-0.03,Nice!
2478.00,2255.00,2384.00,2509.00,10.11,-0.42,1.02,1.02,-0.42,10.11,-0.01,-0.04,-0.01,Nice!
2463.00,2236.00,2421.00,2531.00,10.10,-0.29,1.03,1.03,-0.29,10.10,-0.04,-0.04,-0.03,Nice!
2448.00,2222.00,2407.00,2532.00,10.10,-0.33,1.14,1.14,-0.33,10.10,-0.04,-0.04,-0.03,Nice!
2448.00,2265.00,2421.00,2471.00,10.13,-0.34,1.11,1.11,-0.34,10.13,-0.04,-0.04,-0.03,Nice!
2481.00,2243.00,2416.00,2494.00,10.08,-0.40,1.15,1.15,-0.40,10.08,-0.03,-0.03,-0.02,Nice!
2453.00,2230.00,2381.00,2487.00,10.15,-0.26,1.19,1.19,-0.26,10.15,-0.05,-0.02,-0.04,Nice!
2466.00,2229.00,2394.00,2461.00,10.12,-0.23,1.03,1.03,-0.23,10.12,-0.05,-0.08,-0.03,Nice!
2444.00,2276.00,2377.00,2544.00,10.15,-0.28,1.15,1.15,-0.28,10.15,-0.04,-0.04,-0.03,Nice!
2463.00,2246.00,2416.00,2496.00,10.18,-0.34,1.06,1.06,-0.34,10.18,0.05,-0.13,-0.05,Nice!
2439.00,2245.00,2379.00,2489.00,10.13,-0.11,0.11,0.11,-0.11,10.13,0.00,-0.13,-0.06,Nice!
2462.00,2255.00,2432.00,2515.00,10.13,0.02,-0.02,-0.02,0.02,10.13,-0.03,-0.02,-0.03,Nice!
2472.00,2256.00,2385.00,2487.00,10.08,-0.12,0.21,0.21,-0.12,10.08,-0.03,0.01,-0.00,Nice!
2459.00,2255.00,2397.00,2496.00,10.12,-0.12,0.23,0.23,-0.12,10.12,-0.03,-0.02,-0.03,Nice!
2443.00,2199.00,2370.00,2549.00,10.20,-0.06,0.06,0.06,-0.06,10.20,-0.04,-0.06,-0.04,Nice!
2416.00,2255.00,2389.00,2504.00,10.19,-0.18,0.04,0.04,-0.18,10.19,-0.03,-0.04,-0.02,Nice!
2461.00,2242.00,2398.00,2486.00,10.15,-0.06,0.22,0.22,-0.06,10.15,-0.04,-0.06,-0.02,Nice!
2470.00,2269.00,2367.00,2490.00,10.18,0.03,-0.16,-0.16,0.03,10.18,-0.07,-0.04,-0.05,Nice!
2446.00,2253.00,2384.00,2511.00,10.11,-0.00,0.32,0.32,-0.00,10.11,-0.05,0.03,0.02,Nice!
2451.00,2241.00,2387.00,2488.00,10.09,-0.26,0.36,0.36,-0.26,10.09,-0.03,-0.01,-0.03,Nice!
2464.00,2255.00,2416.00,2468.00,10.17,-0.34,0.29,0.29,-0.34,10.17,-0.03,-0.04,-0.03,Nice!
2396.00,2223.00,2394.00,2439.00,10.18,-0.34,0.19,0.19,-0.34,10.18,-0.05,-0.01,-0.04,Nice!
2411.00,2250.00,2387.00,2480.00,10.15,-0.31,0.28,0.28,-0.31,10.15,-0.03,-0.05,-0.02,Nice!
2462.00,2256.00,2390.00,2512.00,10.16,-0.31,0.36,0.36,-0.31,10.16,-0.04,-0.03,-0.02,Nice!
2466.00,2254.00,2416.00,2538.00,10.15,-0.18,0.47,0.47,-0.18,10.15,-0.03,-0.04,-0.02,Nice!
2429.00,2246.00,2379.00,2480.00,10.15,-0.27,0.58,0.58,-0.27,10.15,-0.03,-0.05,-0.02,Nice!
2477.00,2266.00,2374.00,2503.00,10.13,-0.21,0.41,0.41,-0.21,10.13,-0.04,-0.04,-0.03,Nice!
2474.00,2255.00,2400.00,2494.00,10.14,-0.31,0.62,0.62,-0.31,10.14,-0.03,-0.02,-0.02,Nice!
2479.00,2237.00,2375.00,2467.00,10.18,-0.28,0.49,0.49,-0.28,10.18,-0.04,-0.02,-0.02,Nice!
2423.00,2270.00,2381.00,2505.00,10.08,-0.34,0.94,0.94,-0.34,10.08,-0.02,-0.01,-0.04,Nice!
2443.00,2225.00,2393.00,2456.00,10.14,-0.20,0.95,0.95,-0.20,10.14,-0.04,-0.02,-0.03,Nice!
2465.00,2236.00,2383.00,2510.00,10.19,-0.18,0.88,0.88,-0.18,10.19,-0.05,-0.05,-0.03,Nice!
2442.00,2241.00,2384.00,2493.00,10.12,-0.09,0.92,0.92,-0.09,10.12,-0.03,-0.05,-0.02,Nice!
2371.00,2260.00,2406.00,2497.00,10.24,-0.23,0.89,0.89,-0.23,10.24,-0.04,-0.05,-0.02,Nice!
2435.00,2234.00,2386.00,2491.00,10.14,-0.11,0.93,0.93,-0.11,10.14,-0.03,-0.05,-0.02,Nice!
2469.00,2254.00,2407.00,2511.00,10.25,-0.27,0.85,0.85,-0.27,10.25,-0.03,-0.02,-0.03,Nice!
2458.00,2235.00,2394.00,2454.00,10.20,-0.12,0.92,0.92,-0.12,10.20,-0.03,-0.04,-0.02,Nice!
2444.00,2207.00,2390.00,2495.00,10.23,-0.17,0.82,0.82,-0.17,10.23,-0.04,-0.07,-0.02,Nice!
2446.00,0.00,2394.00,2467.00,10.17,0.01,0.72,0.72,0.01,10.17,-0.05,-0.07,-0.01,Nice!
2452.00,2254.00,2384.00,2510.00,10.16,-0.09,0.68,0.68,-0.09,10.16,-0.03,-0.04,-0.02,Nice!
2416.00,2090.00,2409.00,2480.00,10.13,-0.04,0.86,0.86,-0.04,10.13,-0.03,-0.03,-0.03,Nice!
2436.00,2240.00,2366.00,2517.00,10.10,-0.05,0.83,0.83,-0.05,10.10,-0.04,-0.04,-0.02,Nice!
2443.00,2251.00,2405.00,2496.00,10.16,-0.02,0.81,0.81,-0.02,10.16,-0.04,-0.04,-0.03,Nice!
2489.00,2227.00,2375.00,2498.00,10.10,-0.07,0.90,0.90,-0.07,10.10,-0.03,-0.04,-0.02,Nice!
2479.00,2240.00,2384.00,2494.00,10.14,-0.08,0.89,0.89,-0.08,10.14,-0.03,-0.04,-0.02,Nice!
2481.00,2242.00,2399.00,2501.00,10.15,-0.16,0.81,0.81,-0.16,10.15,-0.04,-0.03,-0.03,Nice!
2441.00,2235.00,2378.00,2463.00,10.18,-0.06,0.80,0.80,-0.06,10.18,-0.02,-0.03,-0.01,Nice!
2465.00,2242.00,2377.00,2505.00,10.11,-0.22,0.97,0.97,-0.22,10.11,-0.04,-0.07,-0.00,Nice!
2474.00,1382.00,2384.00,2497.00,10.22,-0.06,0.77,0.77,-0.06,10.22,-0.03,-0.06,-0.00,Nice!
2414.00,0.00,2391.00,2483.00,10.22,0.03,0.74,0.74,0.03,10.22,-0.04,-0.04,-0.04,Nice!
2490.00,1506.00,2383.00,2503.00,10.21,-0.07,0.48,0.48,-0.07,10.21,-0.05,-0.05,-0.03,Nice!
2469.00,1514.00,2395.00,2512.00,10.20,-0.23,0.30,0.30,-0.23,10.20,-0.05,-0.08,-0.03,Nice!
2437.00,1518.00,2381.00,2496.00,10.16,-0.06,0.69,0.69,-0.06,10.16,-0.03,-0.02,-0.03,Nice!
2437.00,2160.00,2379.00,2471.00,10.16,0.03,0.70,0.70,0.03,10.16,-0.03,-0.05,-0.03,Nice!
2455.00,0.00,2409.00,2490.00,10.22,-0.10,0.55,0.55,-0.10,10.22,-0.04,-0.03,-0.02,Nice!
2441.00,0.00,2362.00,2510.00,10.15,-0.04,0.65,0.65,-0.04,10.15,-0.02,-0.03,-0.02,Nice!
2461.00,0.00,2365.00,2527.00,10.12,-0.16,0.76,0.76,-0.16,10.12,-0.04,-0.06,-0.03,Nice!
2448.00,0.00,2386.00,2536.00,10.18,-0.04,0.62,0.62,-0.04,10.18,-0.03,-0.04,-0.02,Nice!
2461.00,0.00,2384.00,2487.00,10.13,-0.11,0.67,0.67,-0.11,10.13,-0.03,-0.03,-0.03,Nice!
2436.00,2238.00,2368.00,2483.00,10.12,-0.03,0.90,0.90,-0.03,10.12,-0.04,-0.05,-0.02,Nice!
2517.00,2226.00,2391.00,2503.00,10.07,0.04,0.71,0.71,0.04,10.07,-0.04,-0.06,-0.04,Nice!
2483.00,2251.00,2372.00,2494.00,10.12,0.06,0.74,0.74,0.06,10.12,-0.03,-0.04,-0.02,Nice!
2448.00,2231.00,2391.00,2496.00,10.18,0.04,0.80,0.80,0.04,10.18,-0.03,-0.03,-0.02,Nice!
2478.00,2237.00,2387.00,2471.00,10.19,0.03,0.77,0.77,0.03,10.19,-0.04,-0.03,-0.02,Nice!
2473.00,2231.00,2377.00,2479.00,10.13,0.04,0.87,0.87,0.04,10.13,-0.04,-0.05,-0.02,Nice!
2463.00,2199.00,2405.00,2525.00,10.20,0.01,0.84,0.84,0.01,10.20,-0.03,-0.06,-0.01,Nice!
2448.00,2240.00,2403.00,2469.00,10.17,0.06,0.72,0.72,0.06,10.17,-0.03,-0.04,-0.02,Nice!
2453.00,2263.00,2415.00,2486.00,10.22,-0.09,0.81,0.81,-0.09,10.22,-0.04,-0.04,-0.01,Nice!
2431.00,2284.00,2370.00,2483.00,10.15,0.02,0.85,0.85,0.02,10.15,-0.03,-0.04,-0.02,Nice!
2479.00,2235.00,2409.00,2499.00,10.11,0.04,0.89,0.89,0.04,10.11,-0.03,-0.05,-0.02,Nice!
2432.00,2249.00,2395.00,2509.00,10.20,0.03,0.94,0.94,0.03,10.20,-0.03,-0.05,-0.01,Nice!
2441.00,2256.00,2384.00,2512.00,10.17,-0.00,0.95,0.95,-0.00,10.17,-0.03,-0.03,-0.03,Nice!
2428.00,2252.00,2382.00,2517.00,10.16,-0.03,0.81,0.81,-0.03,10.16,-0.03,-0.03,-0.03,Nice!
2451.00,2214.00,2415.00,2502.00,10.19,-0.07,0.97,0.97,-0.07,10.19,-0.04,-0.04,-0.02,Nice!
2458.00,2233.00,2387.00,2509.00,10.10,0.12,1.04,1.04,0.12,10.10,-0.02,-0.05,-0.03,Nice!
2439.00,2253.00,2416.00,2494.00,10.14,0.02,0.79,0.79,0.02,10.14,-0.03,-0.05,-0.01,Nice!
2450.00,2240.00,2379.00,2480.00,10.08,0.03,1.04,1.04,0.03,10.08,-0.04,-0.04,-0.04,Nice!
2443.00,2239.00,2411.00,2512.00,10.18,-0.05,0.87,0.87,-0.05,10.18,-0.04,-0.03,-0.03,Nice!
2455.00,2261.00,2407.00,2497.00,10.17,-0.02,1.00,1.00,-0.02,10.17,-0.03,-0.04,-0.03,Nice!
2439.00,2269.00,2385.00,2494.00,10.14,0.07,0.98,0.98,0.07,10.14,-0.03,-0.04,-0.02,Nice!
2466.00,2229.00,2390.00,2509.00,10.13,-0.07,0.89,0.89,-0.07,10.13,-0.03,-0.04,-0.02,Nice!
2465.00,2253.00,2402.00,2475.00,10.12,-0.02,0.82,0.82,-0.02,10.12,-0.04,-0.06,-0.02,Nice!
2448.00,2256.00,2395.00,2471.00,10.18,0.03,0.83,0.83,0.03,10.18,-0.04,-0.04,-0.02,Nice!
2429.00,2246.00,2369.00,2503.00,10.14,0.06,1.03,1.03,0.06,10.14,-0.03,-0.03,-0.03,Nice!
2437.00,2253.00,2395.00,2502.00,10.18,0.01,0.92,0.92,0.01,10.18,-0.04,-0.04,-0.03,Nice!
2469.00,2270.00,2384.00,2486.00,10.18,-0.04,0.95,0.95,-0.04,10.18,-0.03,-0.03,-0.01,Nice!
2494.00,2259.00,2409.00,2487.00,10.12,-0.09,1.02,1.02,-0.09,10.12,-0.04,-0.05,-0.01,Nice!
2448.00,2247.00,2384.00,2493.00,10.13,0.01,1.01,1.01,0.01,10.13,-0.04,-0.04,-0.02,Nice!
2406.00,2221.00,2378.00,2505.00,10.09,-0.17,0.96,0.96,-0.17,10.09,-0.04,-0.05,-0.03,Nice!
2443.00,2251.00,2393.00,2495.00,10.18,-0.10,0.77,0.77,-0.10,10.18,-0.03,-0.09,-0.03,Nice!
2453.00,2192.00,2374.00,2485.00,10.26,-0.34,0.91,0.91,-0.34,10.26,0.20,-0.01,-0.02,Nice!
2450.00,1567.00,2384.00,2495.00,10.15,0.11,1.14,1.14,0.11,10.15,0.31,-0.03,-0.02,Nice!
2397.00,1761.00,2386.00,2466.00,10.18,0.33,1.04,1.04,0.33,10.18,0.61,0.06,-0.09,Nice!
2449.00,0.00,2384.00,2512.00,10.11,0.28,1.01,1.01,0.28,10.11,0.30,-0.07,0.07,Nice!
2438.00,0.00,2362.00,2486.00,10.22,0.10,1.16,1.16,0.10,10.22,0.42,0.07,-0.05,Nice!
2432.00,0.00,2427.00,2482.00,10.12,0.38,1.14,1.14,0.38,10.12,-0.01,-0.03,-0.02,Nice!
2439.00,0.00,2370.00,2494.00,10.18,0.42,1.10,1.10,0.42,10.18,0.15,-0.02,-0.03,Nice!
2422.00,0.00,2386.00,2491.00,10.13,0.14,1.32,1.32,0.14,10.13,0.31,-0.02,-0.03,Nice!
2448.00,0.00,2395.00,2495.00,10.07,0.51,1.23,1.23,0.51,10.07,0.26,-0.02,-0.02,Nice!
2459.00,0.00,2389.00,2473.00,10.09,0.51,1.21,1.21,0.51,10.09,0.34,-0.04,-0.01,Nice!
2473.00,0.00,2385.00,2459.00,10.18,0.47,1.38,1.38,0.47,10.18,0.22,-0.05,-0.01,Nice!
2427.00,0.00,2388.00,2502.00,10.15,0.55,1.28,1.28,0.55,10.15,0.15,0.00,-0.01,Nice!
2465.00,0.00,2399.00,2486.00,10.10,0.49,1.55,1.55,0.49,10.10,-0.01,-0.04,-0.03,Nice!
2454.00,0.00,2415.00,2491.00,10.09,0.64,1.59,1.59,0.64,10.09,-0.05,-0.04,-0.01,Nice!
2451.00,0.00,2373.00,2498.00,10.07,0.59,1.60,1.60,0.59,10.07,-0.03,-0.05,-0.03,Nice!
2443.00,0.00,2390.00,2480.00,10.09,0.71,1.53,1.53,0.71,10.09,-0.04,-0.04,-0.03,Nice!
2432.00,0.00,2401.00,2479.00,10.13,0.70,1.64,1.64,0.70,10.13,-0.06,-0.05,-0.00,Nice!
2457.00,0.00,2394.00,2474.00,10.03,0.72,1.50,1.50,0.72,10.03,-0.02,-0.03,-0.03,Nice!
2446.00,0.00,2393.00,2492.00,10.14,0.62,1.50,1.50,0.62,10.14,-0.26,-0.08,-0.03,Nice!
2464.00,0.00,2410.00,2454.00,10.12,0.82,1.38,1.38,0.82,10.12,-0.32,-0.09,-0.08,Nice!
2464.00,0.00,2370.00,2498.00,10.08,0.57,1.70,1.70,0.57,10.08,-0.13,-0.04,-0.04,Nice!
2451.00,0.00,2384.00,2480.00,10.11,0.68,1.49,1.49,0.68,10.11,-0.30,-0.05,-0.05,Nice!
2479.00,0.00,2377.00,2482.00,10.09,0.60,1.69,1.69,0.60,10.09,-0.14,-0.04,-0.07,Nice!
2470.00,0.00,2409.00,2479.00,10.13,0.45,1.74,1.74,0.45,10.13,-0.31,-0.06,-0.04,Nice!
2469.00,0.00,2391.00,2478.00,10.09,0.23,1.65,1.65,0.23,10.09,-0.19,-0.04,-0.03,Nice!
2446.00,0.00,2431.00,2512.00,10.04,-0.04,1.69,1.69,-0.04,10.04,-0.23,-0.04,-0.03,Nice!
2452.00,0.00,2384.00,2507.00,10.12,-0.07,1.59,1.59,-0.07,10.12,-0.51,-0.09,-0.07,Nice!
2477.00,0.00,2363.00,2505.00,10.19,-0.17,1.56,1.56,-0.17,10.19,-0.18,-0.02,-0.02,Nice!
2483.00,0.00,2412.00,2464.00,10.16,-0.31,1.49,1.49,-0.31,10.16,-0.24,-0.06,-0.02,Nice!
2470.00,0.00,2436.00,2496.00,10.04,-0.38,1.52,1.52,-0.38,10.04,-0.29,-0.03,-0.04,Nice!
2450.00,0.00,2406.00,2488.00,10.13,-0.52,1.47,1.47,-0.52,10.13,-0.16,-0.03,-0.02,Nice!
2437.00,0.00,2362.00,2489.00,10.10,-0.62,1.41,1.41,-0.62,10.10,-0.26,-0.04,-0.00,Nice!
2449.00,0.00,2416.00,2475.00,10.05,-0.86,1.43,1.43,-0.86,10.05,-0.21,-0.05,-0.02,Nice!
2449.00,0.00,2388.00,2491.00,10.07,-1.01,1.43,1.43,-1.01,10.07,-0.20,-0.01,0.04,Nice!
2469.00,0.00,2411.00,2473.00,10.07,-1.08,1.51,1.51,-1.08,10.07,-0.06,-0.03,-0.01,Nice!
2471.00,0.00,2402.00,2495.00,9.99,-1.03,1.62,1.62,-1.03,9.99,-0.08,0.00,-0.08,Nice!
2433.00,0.00,2368.00,2502.00,10.04,-0.98,1.64,1.64,-0.98,10.04,-0.09,-0.04,-0.05,Nice!
2447.00,0.00,2398.00,2503.00,10.02,-0.90,1.69,1.69,-0.90,10.02,-0.03,0.01,-0.08,Nice!
2474.00,0.00,2398.00,2496.00,9.99,-0.93,1.71,1.71,-0.93,9.99,-0.03,-0.08,0.00,Nice!
2426.00,0.00,2381.00,2485.00,10.12,-0.84,1.70,1.70,-0.84,10.12,-0.04,-0.04,-0.04,Nice!
2462.00,0.00,2368.00,2488.00,10.02,-0.85,1.67,1.67,-0.85,10.02,-0.04,-0.03,-0.02,Nice!
2493.00,0.00,2374.00,2467.00,10.08,-1.01,1.77,1.77,-1.01,10.08,-0.08,-0.04,-0.03,Nice!
2479.00,0.00,2398.00,2515.00,10.03,-0.85,1.70,1.70,-0.85,10.03,-0.08,-0.06,-0.04,Nice!
2416.00,0.00,2370.00,2469.00,10.07,-0.83,1.65,1.65,-0.83,10.07,0.02,-0.01,-0.03,Nice!
2448.00,0.00,2386.00,2468.00,10.04,-0.98,1.74,1.74,-0.98,10.04,-0.03,-0.06,-0.06,Nice!
2466.00,0.00,2384.00,2473.00,10.05,-0.82,1.61,1.61,-0.82,10.05,-0.06,-0.07,-0.04,Nice!
2483.00,0.00,2395.00,2478.00,10.09,-0.79,1.58,1.58,-0.79,10.09,0.02,-0.05,-0.04,Nice!
2419.00,0.00,2435.00,2471.00,10.04,-0.23,1.45,1.45,-0.23,10.04,0.10,-0.04,-0.01,Nice!
2438.00,0.00,2394.00,2485.00,10.10,-0.69,1.79,1.79,-0.69,10.10,0.43,-0.00,-0.05,Nice!
2463.00,0.00,2388.00,2470.00,10.07,-0.35,1.61,1.61,-0.35,10.07,0.11,-0.08,-0.01,Nice!
2446.00,0.00,2391.00,2500.00,10.02,0.14,1.70,1.70,0.14,10.02,0.23,-0.04,-0.04,Nice!
2452.00,0.00,2400.00,2479.00,10.12,-0.35,1.62,1.62,-0.35,10.12,0.36,-0.01,-0.02,Nice!
2455.00,0.00,2391.00,2486.00,10.07,-0.13,1.69,1.69,-0.13,10.07,0.16,-0.03,-0.02,Nice!
2466.00,0.00,2415.00,2480.00,10.11,-0.01,1.84,1.84,-0.01,10.11,0.77,-0.01,-0.02,Nice!
2471.00,1677.00,2393.00,2501.00,10.18,-0.05,1.53,1.53,-0.05,10.18,0.05,-0.04,-0.02,Nice!
2421.00,2220.00,2409.00,2512.00,10.15,0.08,1.49,1.49,0.08,10.15,-0.03,-0.03,-0.01,Nice!
2416.00,2198.00,2367.00,2453.00,10.15,-0.06,1.52,1.52,-0.06,10.15,-0.02,-0.07,0.01,Nice!
2452.00,2271.00,2351.00,2517.00,10.07,-0.15,1.48,1.48,-0.15,10.07,-0.02,-0.05,-0.01,Nice!
2475.00,2231.00,2398.00,2494.00,10.15,-0.23,1.52,1.52,-0.23,10.15,-0.10,-0.03,-0.02,Nice!
2415.00,2183.00,2432.00,2478.00,10.04,-0.06,1.21,1.21,-0.06,10.04,-0.59,-0.12,-0.05,Nice!
2446.00,2241.00,2401.00,2465.00,10.15,-0.19,1.32,1.32,-0.19,10.15,-0.23,-0.03,-0.03,Nice!
2462.00,0.00,2407.00,2495.00,10.24,-0.17,0.92,0.92,-0.17,10.24,-0.06,-0.37,-0.08,Nice!
2384.00,0.00,2408.00,2503.00,10.14,-0.19,1.04,1.04,-0.19,10.14,-0.06,0.07,0.01,Nice!
2435.00,0.00,2413.00,2480.00,10.12,-0.26,1.03,1.03,-0.26,10.12,-0.06,-0.01,-0.02,Nice!
2448.00,0.00,2411.00,2523.00,10.10,-0.03,1.11,1.11,-0.03,10.10,-0.21,-0.07,-0.01,Nice!
2449.00,0.00,2383.00,2527.00,10.14,-0.33,1.06,1.06,-0.33,10.14,-0.21,-0.06,0.00,Nice!
2480.00,0.00,2390.00,2491.00,10.18,-0.39,1.05,1.05,-0.39,10.18,-0.18,-0.04,-0.01,Nice!
2454.00,0.00,2384.00,2493.00,10.12,-0.43,0.98,0.98,-0.43,10.12,-0.06,-0.03,-0.03,Nice!
2465.00,0.00,2402.00,2481.00,10.11,-0.49,1.27,1.27,-0.49,10.11,-0.04,-0.05,-0.00,Nice!
2400.00,0.00,2393.00,2459.00,10.13,-0.62,0.86,0.86,-0.62,10.13,-0.07,-0.08,-0.08,Nice!
2477.00,2245.00,2387.00,2485.00,9.96,-0.15,0.63,0.63,-0.15,9.96,-0.20,0.00,-0.07,Nice!
2449.00,0.00,2388.00,2498.00,10.08,-0.22,0.73,0.73,-0.22,10.08,-0.06,-0.07,-0.02,Nice!
2442.00,0.00,2385.00,2486.00,10.15,-0.34,0.41,0.41,-0.34,10.15,-0.02,-0.03,-0.04,Nice!
2438.00,0.00,2384.00,2512.00,10.14,-0.23,0.29,0.29,-0.23,10.14,-0.03,-0.03,-0.04,Nice!
2438.00,0.00,2397.00,2465.00,10.16,-0.11,-0.02,-0.02,-0.11,10.16,0.01,-0.12,-0.01,Nice!
2503.00,0.00,2385.00,2482.00,10.12,-0.27,0.09,0.09,-0.27,10.12,0.08,-0.05,-0.02,Nice!
2434.00,0.00,2383.00,2495.00,10.20,-0.15,0.09,0.09,-0.15,10.20,0.09,-0.02,-0.03,Nice!
2434.00,0.00,2387.00,2529.00,10.24,-0.19,0.14,0.14,-0.19,10.24,0.37,-0.05,0.02,Nice!
2488.00,0.00,2382.00,2499.00,10.08,0.05,1.26,1.26,0.05,10.08,0.06,0.12,-0.08,Nice!
2441.00,0.00,2384.00,2512.00,10.11,0.21,1.00,1.00,0.21,10.11,-0.10,-0.08,-0.06,Nice!
2448.00,2183.00,2391.00,2496.00,10.39,-0.07,0.44,0.44,-0.07,10.39,-0.11,0.20,-0.04,Nice!
2385.00,2211.00,2413.00,2480.00,10.07,-0.28,1.35,1.35,-0.28,10.07,-0.03,0.03,0.01,Nice!
2453.00,2233.00,2411.00,2464.00,10.19,-0.11,1.28,1.28,-0.11,10.19,-0.03,-0.03,-0.03,Nice!
2439.00,2243.00,2384.00,2506.00,10.06,0.01,1.23,1.23,0.01,10.06,-0.44,-0.11,-0.03,Nice!
2462.00,2226.00,2417.00,2482.00,10.25,-0.36,1.04,1.04,-0.36,10.25,-0.36,-0.07,-0.02,Nice!
2421.00,2225.00,2382.00,2496.00,10.17,-0.24,0.83,0.83,-0.24,10.17,-0.28,-0.06,-0.02,Nice!
2426.00,2236.00,2379.00,2483.00,10.08,-0.01,0.72,0.72,-0.01,10.08,-0.32,-0.07,-0.01,Nice!
2432.00,2239.00,2375.00,2499.00,10.12,-0.37,0.62,0.62,-0.37,10.12,-0.04,-0.04,-0.00,Nice!
2458.00,2257.00,2386.00,2475.00,10.21,-0.40,0.60,0.60,-0.40,10.21,-0.04,-0.04,-0.03,Nice!
2443.00,2224.00,2368.00,2519.00,10.06,-0.35,0.62,0.62,-0.35,10.06,0.00,-0.04,-0.02,Nice!
2448.00,2230.00,2363.00,2493.00,10.16,-0.38,0.63,0.63,-0.38,10.16,0.09,-0.02,0.01,Nice!
2448.00,0.00,2401.00,2480.00,10.22,-0.50,0.38,0.38,-0.50,10.22,-0.01,-0.02,-0.03,Nice!
2461.00,2255.00,2411.00,2496.00,10.08,-0.52,0.89,0.89,-0.52,10.08,-0.04,0.08,-0.04,Nice!
2475.00,2241.00,2399.00,2509.00,10.09,-0.51,1.03,1.03,-0.51,10.09,-0.03,-0.05,-0.03,Nice!
2454.00,2227.00,2382.00,2486.00,10.07,-0.66,1.27,1.27,-0.66,10.07,-0.10,0.01,-0.04,Nice!
2443.00,2230.00,2372.00,2501.00,10.07,-0.32,0.84,0.84,-0.32,10.07,-0.12,-0.03,-0.03,Nice!
2462.00,2246.00,2387.00,2513.00,10.10,-0.53,0.77,0.77,-0.53,10.10,-0.04,-0.02,-0.01,Nice!
2438.00,2249.00,2387.00,2489.00,10.09,-0.62,0.90,0.90,-0.62,10.09,0.13,-0.05,-0.02,Nice!
2443.00,2253.00,2393.00,2515.00,10.28,-0.57,0.81,0.81,-0.57,10.28,0.25,-0.12,0.00,Nice!
2419.00,2250.00,2375.00,2489.00,10.12,-0.29,1.33,1.33,-0.29,10.12,0.38,-0.08,-0.04,Nice!
2490.00,2250.00,2415.00,2485.00,10.21,0.00,1.02,1.02,0.00,10.21,0.61,-0.04,-0.03,Nice!
2441.00,2235.00,2384.00,2522.00,10.15,-0.09,1.11,1.11,-0.09,10.15,0.22,-0.23,0.09,Nice!
2450.00,0.00,2393.00,2500.00,10.11,-1.19,0.06,0.06,-1.19,10.11,0.07,0.02,0.22,Nice!
2461.00,0.00,2378.00,2523.00,10.04,-0.88,0.17,0.17,-0.88,10.04,-0.08,-0.04,-0.09,Nice!