thumb1,index1,middle1,pinky1,accelX1,accelY1,accelZ1,gForceX1,gForceY1,gForceZ1,gyroX1,gyroY1,gyroZ1,gesture,
2490.00,0.00,2381.00,2501.00,-2.29,4.41,7.74,7.74,4.41,-2.29,1.14,-0.45,-0.14,Fuck You!
2459.00,0.00,2366.00,2479.00,-1.91,3.11,9.40,9.40,3.11,-1.91,-0.04,0.04,-0.14,Fuck You!
2480.00,0.00,2390.00,2489.00,-2.12,3.32,9.54,9.54,3.32,-2.12,-0.07,-0.10,-0.03,Fuck You!
2457.00,0.00,2384.00,2486.00,-1.91,3.13,9.61,9.61,3.13,-1.91,-0.04,-0.03,-0.04,Fuck You!
2448.00,0.00,2374.00,2492.00,-1.83,3.04,9.66,9.66,3.04,-1.83,-0.05,-0.05,-0.03,Fuck You!
2454.00,0.00,2403.00,2511.00,-1.77,3.00,9.76,9.76,3.00,-1.77,-0.03,-0.03,-0.02,Fuck You!
2463.00,0.00,2347.00,2500.00,-1.75,3.00,9.71,9.71,3.00,-1.75,-0.04,-0.05,-0.02,Fuck You!
2489.00,0.00,2382.00,2490.00,-1.74,2.89,9.74,9.74,2.89,-1.74,-0.04,-0.04,-0.03,Fuck You!
2460.00,0.00,2383.00,2474.00,-1.72,2.97,9.61,9.61,2.97,-1.72,-0.04,-0.04,-0.02,Fuck You!
2468.00,0.00,2363.00,2505.00,-1.65,2.94,9.67,9.67,2.94,-1.65,-0.04,-0.04,-0.01,Fuck You!
2457.00,0.00,2390.00,2510.00,-0.29,5.05,9.74,9.74,5.05,-0.29,0.27,-0.67,0.63,Fuck You!
2455.00,0.00,2372.00,2487.00,5.47,3.22,7.20,7.20,3.22,5.47,0.73,-0.89,1.29,Fuck You!
2471.00,0.00,2384.00,2448.00,8.76,3.11,2.52,2.52,3.11,8.76,1.86,-0.14,0.73,Fuck You!
2475.00,0.00,2400.00,2486.00,10.10,2.32,-0.17,-0.17,2.32,10.10,0.32,-0.03,-0.00,Fuck You!
2479.00,2021.00,2378.00,2477.00,9.92,1.49,0.27,0.27,1.49,9.92,0.52,0.15,0.03,Fuck You!
2450.00,2030.00,0.00,2486.00,10.08,1.54,0.81,0.81,1.54,10.08,-0.33,0.01,-0.03,Fuck You!
2464.00,158.00,0.00,2447.00,10.15,1.50,0.67,0.67,1.50,10.15,-0.31,0.07,0.12,Fuck You!
2485.00,262.00,0.00,2454.00,10.18,0.86,0.87,0.87,0.86,10.18,0.02,-0.04,-0.02,Fuck You!
2506.00,351.00,0.00,2465.00,10.08,1.05,0.74,0.74,1.05,10.08,-0.05,-0.04,-0.02,Fuck You!
2490.00,386.00,0.00,2449.00,10.10,1.05,0.82,0.82,1.05,10.10,-0.03,-0.02,-0.04,Fuck You!
2467.00,393.00,0.00,2470.00,10.13,0.96,0.98,0.98,0.96,10.13,-0.05,-0.05,-0.01,Fuck You!
2500.00,1981.00,0.00,2468.00,10.09,0.93,0.86,0.86,0.93,10.09,-0.04,-0.03,-0.02,Fuck You!
2466.00,2083.00,0.00,2500.00,10.10,0.99,0.98,0.98,0.99,10.10,-0.01,-0.02,-0.01,Fuck You!
2494.00,2123.00,0.00,2457.00,10.11,0.96,1.07,1.07,0.96,10.11,-0.04,-0.04,-0.01,Fuck You!
2483.00,2118.00,0.00,2455.00,10.17,0.91,0.92,0.92,0.91,10.17,-0.03,-0.03,-0.02,Fuck You!
2505.00,2125.00,0.00,2485.00,10.16,0.90,1.01,1.01,0.90,10.16,-0.04,-0.03,-0.02,Fuck You!
2462.00,2134.00,0.00,2465.00,10.11,0.86,1.16,1.16,0.86,10.11,-0.03,-0.04,-0.02,Fuck You!
2485.00,2147.00,0.00,2457.00,10.11,0.75,1.07,1.07,0.75,10.11,-0.03,-0.03,-0.01,Fuck You!
2497.00,2117.00,2381.00,2468.00,10.10,0.87,1.13,1.13,0.87,10.10,-0.03,-0.03,-0.01,Fuck You!
2473.00,2144.00,2427.00,2477.00,10.07,0.79,1.22,1.22,0.79,10.07,-0.04,-0.06,-0.00,Fuck You!
2480.00,2132.00,2410.00,2453.00,10.08,0.69,1.29,1.29,0.69,10.08,-0.04,-0.04,-0.02,Fuck You!
2467.00,2195.00,2385.00,2450.00,10.22,0.69,1.08,1.08,0.69,10.22,-0.05,-0.04,-0.03,Fuck You!
2461.00,2145.00,2365.00,2482.00,10.11,0.82,1.34,1.34,0.82,10.11,-0.07,-0.09,0.01,Fuck You!
2471.00,2145.00,2418.00,2461.00,10.04,0.74,1.36,1.36,0.74,10.04,-0.04,-0.05,-0.01,Fuck You!
2480.00,2143.00,2368.00,2422.00,10.16,0.72,1.25,1.25,0.72,10.16,-0.04,-0.05,-0.03,Fuck You!
2461.00,2164.00,2392.00,2511.00,10.15,0.74,1.10,1.10,0.74,10.15,-0.03,-0.06,-0.02,Fuck You!
2491.00,2158.00,2383.00,2439.00,10.08,0.78,1.24,1.24,0.78,10.08,-0.04,-0.04,-0.01,Fuck You!
2454.00,2161.00,2399.00,2470.00,10.13,0.68,1.37,1.37,0.68,10.13,-0.03,-0.03,-0.02,Fuck You!
2477.00,2121.00,2375.00,2490.00,10.05,0.68,1.25,1.25,0.68,10.05,-0.03,-0.03,-0.02,Fuck You!
2481.00,2160.00,2411.00,2480.00,10.09,0.78,1.34,1.34,0.78,10.09,-0.03,-0.04,-0.02,Fuck You!
2474.00,2143.00,2391.00,2463.00,10.14,0.69,1.26,1.26,0.69,10.14,-0.03,-0.04,-0.03,Fuck You!
2491.00,2135.00,2349.00,2453.00,10.11,0.71,1.33,1.33,0.71,10.11,-0.04,-0.04,-0.02,Fuck You!
2475.00,2135.00,2384.00,2416.00,10.11,0.65,1.46,1.46,0.65,10.11,-0.05,-0.05,-0.01,Fuck You!
2480.00,2162.00,2352.00,2482.00,10.13,0.66,1.35,1.35,0.66,10.13,-0.04,-0.03,-0.01,Fuck You!
2498.00,2153.00,2373.00,2480.00,10.13,0.54,1.45,1.45,0.54,10.13,-0.05,-0.05,-0.01,Fuck You!
2491.00,2131.00,2377.00,2434.00,10.20,0.56,1.39,1.39,0.56,10.20,-0.05,-0.02,0.00,Fuck You!
2471.00,2128.00,2406.00,2455.00,10.21,0.10,1.33,1.33,0.10,10.21,-0.01,-0.05,0.03,Fuck You!
2482.00,2146.00,2383.00,2469.00,10.13,-0.08,1.38,1.38,-0.08,10.13,-0.03,-0.03,0.00,Fuck You!
2489.00,2112.00,2375.00,2447.00,10.06,0.10,1.49,1.49,0.10,10.06,-0.02,-0.05,-0.03,Fuck You!
2490.00,2129.00,2377.00,2451.00,10.19,-0.03,1.46,1.46,-0.03,10.19,-0.04,-0.04,-0.01,Fuck You!
2469.00,2129.00,2384.00,2475.00,10.11,-0.03,1.46,1.46,-0.03,10.11,-0.04,-0.03,-0.02,Fuck You!
2492.00,2128.00,2401.00,2458.00,10.08,-0.06,1.43,1.43,-0.06,10.08,-0.04,-0.03,-0.01,Fuck You!
2466.00,2159.00,2384.00,2459.00,10.12,0.02,1.44,1.44,0.02,10.12,-0.04,-0.04,-0.02,Fuck You!
2474.00,2133.00,2418.00,2512.00,10.05,-0.08,1.61,1.61,-0.08,10.05,-0.03,-0.03,-0.02,Fuck You!
2445.00,2121.00,2390.00,2451.00,10.14,0.06,1.50,1.50,0.06,10.14,-0.05,-0.06,-0.03,Fuck You!
2461.00,2128.00,2382.00,2467.00,10.15,-0.06,1.55,1.55,-0.06,10.15,-0.06,-0.03,-0.02,Fuck You!
2517.00,1962.00,2386.00,2468.00,10.11,0.32,1.61,1.61,0.32,10.11,-0.08,-0.05,-0.07,Fuck You!
2496.00,2034.00,2379.00,2499.00,10.14,0.41,1.50,1.50,0.41,10.14,-0.02,-0.04,-0.02,Fuck You!
2459.00,2256.00,2383.00,2426.00,10.10,0.47,1.37,1.37,0.47,10.10,-0.03,-0.03,-0.04,Fuck You!
2480.00,2237.00,2386.00,2471.00,10.15,0.24,1.41,1.41,0.24,10.15,-0.02,-0.01,-0.03,Fuck You!
2482.00,2247.00,2403.00,2506.00,10.15,0.31,1.53,1.53,0.31,10.15,-0.02,-0.00,-0.02,Fuck You!
2446.00,2240.00,2383.00,2506.00,10.13,0.40,1.63,1.63,0.40,10.13,-0.05,-0.04,-0.01,Fuck You!
2486.00,2255.00,2358.00,2359.00,10.06,0.44,1.68,1.68,0.44,10.06,-0.04,-0.04,-0.01,Fuck You!
2475.00,2254.00,2388.00,2475.00,10.08,0.31,1.63,1.63,0.31,10.08,-0.03,-0.04,-0.00,Fuck You!
2459.00,2237.00,2394.00,2422.00,10.04,0.28,1.71,1.71,0.28,10.04,-0.03,-0.05,-0.00,Fuck You!
2485.00,2233.00,2389.00,2455.00,10.07,0.23,1.69,1.69,0.23,10.07,-0.04,-0.05,-0.01,Fuck You!
2471.00,2224.00,2382.00,2446.00,10.07,0.26,1.58,1.58,0.26,10.07,-0.04,-0.04,-0.01,Fuck You!
2448.00,2250.00,2371.00,2479.00,10.08,0.31,1.56,1.56,0.31,10.08,-0.04,-0.04,-0.03,Fuck You!
2468.00,2241.00,2395.00,2470.00,10.10,0.24,1.77,1.77,0.24,10.10,-0.04,-0.04,-0.03,Fuck You!
2476.00,2229.00,2395.00,2479.00,10.11,0.31,1.49,1.49,0.31,10.11,-0.02,-0.03,-0.01,Fuck You!
2466.00,2256.00,2387.00,2446.00,10.10,0.50,1.68,1.68,0.50,10.10,-0.04,-0.00,-0.05,Fuck You!
2447.00,2229.00,2376.00,2477.00,10.03,0.56,1.87,1.87,0.56,10.03,-0.01,-0.03,-0.04,Fuck You!
2503.00,2242.00,2409.00,2438.00,10.07,0.73,1.93,1.93,0.73,10.07,-0.04,-0.04,-0.02,Fuck You!
2437.00,2235.00,2374.00,2496.00,10.00,0.64,1.95,1.95,0.64,10.00,-0.04,-0.04,-0.01,Fuck You!
2465.00,2253.00,2348.00,2467.00,10.02,0.58,1.81,1.81,0.58,10.02,-0.04,-0.05,-0.02,Fuck You!
2454.00,2259.00,2384.00,2471.00,10.01,0.63,2.03,2.03,0.63,10.01,-0.04,-0.04,-0.03,Fuck You!
2477.00,2244.00,2343.00,2507.00,10.11,0.48,1.92,1.92,0.48,10.11,-0.06,-0.04,-0.00,Fuck You!
2452.00,2246.00,2386.00,2481.00,9.99,0.51,2.00,2.00,0.51,9.99,-0.00,-0.06,-0.05,Fuck You!
2476.00,2206.00,2399.00,2487.00,9.98,0.70,1.97,1.97,0.70,9.98,-0.03,-0.05,-0.01,Fuck You!
2481.00,2290.00,2382.00,2468.00,10.02,0.77,1.94,1.94,0.77,10.02,-0.04,-0.05,-0.02,Fuck You!
2463.00,2224.00,2375.00,2495.00,9.89,0.62,2.08,2.08,0.62,9.89,-0.06,-0.02,-0.04,Fuck You!
2467.00,2224.00,2416.00,2487.00,9.96,0.88,1.93,1.93,0.88,9.96,-0.03,-0.04,-0.00,Fuck You!
2463.00,2247.00,2390.00,2464.00,10.01,0.68,1.98,1.98,0.68,10.01,-0.05,-0.04,-0.02,Fuck You!
2478.00,2259.00,2405.00,2481.00,10.05,0.72,2.10,2.10,0.72,10.05,-0.01,-0.05,-0.09,Fuck You!
2465.00,2250.00,2393.00,2463.00,9.98,1.39,1.71,1.71,1.39,9.98,-0.16,-0.13,-0.10,Fuck You!
2480.00,2231.00,2394.00,2478.00,10.26,0.44,1.39,1.39,0.44,10.26,-0.69,0.02,-0.06,Fuck You!
2467.00,2263.00,2384.00,2444.00,9.90,1.09,2.18,2.18,1.09,9.90,-0.64,-0.09,-0.03,Fuck You!
2480.00,2227.00,2383.00,2471.00,9.87,0.43,2.20,2.20,0.43,9.87,-0.95,-0.12,-0.05,Fuck You!
2449.00,2224.00,2362.00,2468.00,10.10,0.10,1.92,1.92,0.10,10.10,-0.42,-0.07,-0.04,Fuck You!
2480.00,2251.00,2398.00,2449.00,10.07,-0.04,1.75,1.75,-0.04,10.07,-0.18,-0.05,-0.02,Fuck You!
2507.00,2274.00,2366.00,2486.00,10.09,-0.01,1.87,1.87,-0.01,10.09,-0.10,-0.04,-0.03,Fuck You!
2491.00,2258.00,2384.00,2465.00,10.08,-0.11,1.72,1.72,-0.11,10.08,-0.12,-0.03,-0.03,Fuck You!
2450.00,2252.00,2386.00,2461.00,10.13,-0.05,1.89,1.89,-0.05,10.13,-0.06,-0.03,-0.04,Fuck You!
2483.00,2270.00,2385.00,2458.00,10.06,-0.21,1.83,1.83,-0.21,10.06,-0.06,-0.04,-0.03,Fuck You!
2480.00,2274.00,2381.00,2443.00,10.08,-0.18,1.72,1.72,-0.18,10.08,-0.11,-0.05,-0.05,Fuck You!
2533.00,2256.00,2410.00,2477.00,10.10,-0.17,1.77,1.77,-0.17,10.10,0.04,-0.05,-0.02,Fuck You!
2474.00,2238.00,2400.00,2465.00,10.17,-0.23,1.69,1.69,-0.23,10.17,-0.06,-0.04,-0.03,Fuck You!
2473.00,2242.00,2327.00,2451.00,10.09,-0.25,1.63,1.63,-0.25,10.09,-0.02,-0.03,-0.02,Fuck You!
2487.00,2219.00,2397.00,2463.00,10.07,-0.20,1.58,1.58,-0.20,10.07,-0.03,-0.05,-0.01,Fuck You!
2471.00,2235.00,2386.00,2485.00,10.12,-0.17,1.61,1.61,-0.17,10.12,-0.01,-0.04,-0.02,Fuck You!
2465.00,2235.00,2355.00,2491.00,10.10,-0.11,1.59,1.59,-0.11,10.10,0.07,-0.06,0.00,Fuck You!
2486.00,2259.00,2395.00,2454.00,10.09,-0.09,1.67,1.67,-0.09,10.09,0.44,-0.07,-0.02,Fuck You!
2476.00,2230.00,2384.00,2483.00,10.03,0.18,1.35,1.35,0.18,10.03,0.41,-0.10,-0.02,Fuck You!
2477.00,2245.00,2395.00,2473.00,10.20,0.33,1.02,1.02,0.33,10.20,0.40,-0.05,-0.01,Fuck You!
2438.00,2244.00,2383.00,2493.00,10.24,0.45,0.77,0.77,0.45,10.24,0.16,-0.06,-0.01,Fuck You!
2466.00,2231.00,2378.00,2465.00,10.23,0.37,0.74,0.74,0.37,10.23,0.14,-0.04,-0.02,Fuck You!
2474.00,2224.00,2409.00,2451.00,10.12,0.25,0.70,0.70,0.25,10.12,0.31,-0.03,-0.02,Fuck You!
2455.00,2235.00,2375.00,2445.00,10.10,0.51,0.71,0.71,0.51,10.10,0.35,-0.05,-0.00,Fuck You!
2484.00,2220.00,2416.00,2471.00,10.13,0.44,0.58,0.58,0.44,10.13,0.22,-0.03,-0.02,Fuck You!
2462.00,2240.00,2353.00,2498.00,10.07,0.69,0.69,0.69,0.69,10.07,0.31,-0.03,-0.03,Fuck You!
2478.00,2256.00,2415.00,2493.00,10.17,0.40,0.35,0.35,0.40,10.17,0.03,-0.05,-0.01,Fuck You!
2470.00,2235.00,2384.00,2467.00,10.18,0.28,0.46,0.46,0.28,10.18,0.18,-0.02,0.01,Fuck You!
2477.00,2225.00,2388.00,2448.00,10.18,0.12,0.58,0.58,0.12,10.18,0.03,-0.03,-0.03,Fuck You!
2474.00,2240.00,2368.00,2449.00,10.15,0.40,0.68,0.68,0.40,10.15,0.41,-0.01,0.02,Fuck You!
2480.00,2197.00,2360.00,2383.00,10.21,0.15,0.59,0.59,0.15,10.21,0.19,-0.01,-0.00,Fuck You!
2495.00,2231.00,2384.00,2470.00,10.17,0.18,0.80,0.80,0.18,10.17,0.08,-0.01,-0.00,Fuck You!
2486.00,2247.00,2385.00,2480.00,10.17,0.02,1.04,1.04,0.02,10.17,0.16,-0.01,0.01,Fuck You!
2451.00,2270.00,2390.00,2422.00,10.16,0.32,1.34,1.34,0.32,10.16,-0.03,-0.05,-0.03,Fuck You!
2495.00,2227.00,2388.00,2483.00,10.15,0.12,1.14,1.14,0.12,10.15,0.01,-0.05,-0.01,Fuck You!
2448.00,2229.00,2363.00,2411.00,10.13,0.11,1.29,1.29,0.11,10.13,-0.06,-0.05,-0.03,Fuck You!
2469.00,2255.00,2388.00,2461.00,10.13,0.12,1.19,1.19,0.12,10.13,-0.07,-0.07,-0.00,Fuck You!
2482.00,2254.00,2384.00,2462.00,10.16,0.26,1.17,1.17,0.26,10.16,-0.12,-0.05,-0.03,Fuck You!
2467.00,2248.00,2398.00,2448.00,10.10,0.15,1.20,1.20,0.15,10.10,-0.07,-0.07,-0.00,Fuck You!
2486.00,2239.00,2379.00,2463.00,10.21,0.10,1.04,1.04,0.10,10.21,-0.07,-0.05,-0.02,Fuck You!
2475.00,2263.00,2393.00,2491.00,10.11,0.19,1.07,1.07,0.19,10.11,-0.02,-0.04,-0.01,Fuck You!
2486.00,2256.00,2410.00,2495.00,10.39,-1.71,0.79,0.79,-1.71,10.39,-0.10,0.05,-0.03,Fuck You!
2492.00,2260.00,2387.00,2471.00,10.08,0.47,1.20,1.20,0.47,10.08,-0.18,-0.05,-0.04,Fuck You!
2473.00,2246.00,2389.00,2496.00,10.20,0.19,0.85,0.85,0.19,10.20,-0.48,-0.05,-0.05,Fuck You!
2483.00,2246.00,2407.00,2475.00,10.11,0.45,1.13,1.13,0.45,10.11,-0.61,-0.05,-0.06,Fuck You!
2490.00,2237.00,2389.00,2489.00,10.18,-0.03,1.61,1.61,-0.03,10.18,-0.27,0.02,-0.04,Fuck You!
2464.00,2259.00,2403.00,2447.00,10.22,0.21,1.44,1.44,0.21,10.22,-0.10,-0.01,-0.05,Fuck You!
2432.00,2224.00,2398.00,2464.00,10.29,0.23,1.40,1.40,0.23,10.29,-0.08,-0.06,-0.03,Fuck You!
2473.00,2233.00,0.00,2479.00,10.00,0.41,1.54,1.54,0.41,10.00,-0.05,-0.06,-0.01,Fuck You!
2499.00,2262.00,0.00,2481.00,10.12,0.34,1.34,1.34,0.34,10.12,-0.03,-0.03,-0.03,Fuck You!
2482.00,2231.00,0.00,2443.00,10.17,0.40,1.35,1.35,0.40,10.17,-0.02,-0.03,-0.02,Fuck You!
2480.00,2226.00,0.00,2493.00,10.10,0.36,1.41,1.41,0.36,10.10,-0.05,-0.04,-0.02,Fuck You!
2476.00,2241.00,0.00,2443.00,10.09,0.49,1.55,1.55,0.49,10.09,-0.02,-0.04,-0.02,Fuck You!
2482.00,2238.00,0.00,2474.00,10.12,0.29,1.52,1.52,0.29,10.12,-0.02,-0.03,-0.02,Fuck You!
2466.00,2224.00,2389.00,2445.00,9.89,0.35,1.81,1.81,0.35,9.89,-0.03,-0.01,-0.02,Fuck You!
2485.00,2247.00,2385.00,2491.00,10.26,0.38,1.40,1.40,0.38,10.26,0.00,0.01,-0.03,Fuck You!
2475.00,2241.00,2397.00,2494.00,10.13,0.42,1.64,1.64,0.42,10.13,-0.03,-0.04,-0.01,Fuck You!
2466.00,2247.00,2381.00,2480.00,10.14,0.44,1.81,1.81,0.44,10.14,-0.00,-0.02,-0.03,Fuck You!
2491.00,2243.00,2384.00,2453.00,10.06,0.47,1.78,1.78,0.47,10.06,-0.04,-0.04,-0.03,Fuck You!
2485.00,2214.00,2378.00,2482.00,10.00,0.56,1.79,1.79,0.56,10.00,-0.04,-0.04,-0.02,Fuck You!
2467.00,2231.00,2384.00,2479.00,10.06,0.46,1.70,1.70,0.46,10.06,-0.03,-0.03,-0.02,Fuck You!
2465.00,2246.00,2385.00,2478.00,10.12,0.50,1.74,1.74,0.50,10.12,-0.05,-0.04,-0.02,Fuck You!
2478.00,2251.00,2433.00,2489.00,10.03,0.35,1.81,1.81,0.35,10.03,-0.04,-0.04,-0.03,Fuck You!
2450.00,2253.00,2397.00,2466.00,10.12,0.38,1.71,1.71,0.38,10.12,-0.01,-0.05,-0.03,Fuck You!
2462.00,2235.00,2384.00,2458.00,10.09,0.24,1.64,1.64,0.24,10.09,0.01,-0.02,-0.03,Fuck You!
2445.00,2277.00,2425.00,2439.00,10.07,0.24,1.73,1.73,0.24,10.07,-0.05,-0.06,-0.01,Fuck You!
2463.00,2272.00,2404.00,2480.00,10.04,0.21,1.66,1.66,0.21,10.04,-0.04,-0.04,-0.02,Fuck You!
2469.00,2259.00,2416.00,2482.00,10.07,0.34,1.79,1.79,0.34,10.07,-0.03,-0.05,-0.01,Fuck You!
2463.00,2256.00,2393.00,2487.00,10.08,0.25,1.67,1.67,0.25,10.08,-0.04,-0.05,-0.03,Fuck You!
2461.00,2254.00,2382.00,2489.00,10.10,0.19,1.73,1.73,0.19,10.10,-0.02,-0.07,-0.07,Fuck You!
2492.00,2240.00,2401.00,2480.00,10.20,0.50,1.35,1.35,0.50,10.20,-0.02,0.00,0.01,Fuck You!
2479.00,2230.00,2395.00,2478.00,10.03,0.22,1.68,1.68,0.22,10.03,-0.06,-0.06,0.01,Fuck You!
2443.00,2224.00,2433.00,2456.00,10.07,0.20,1.56,1.56,0.20,10.07,-0.06,-0.05,-0.01,Fuck You!
2462.00,2237.00,2384.00,2496.00,10.11,0.12,1.52,1.52,0.12,10.11,-0.04,-0.03,0.00,Fuck You!
2457.00,2256.00,2374.00,2480.00,10.11,-0.07,1.64,1.64,-0.07,10.11,-0.05,-0.03,0.02,Fuck You!
2465.00,2253.00,2384.00,2442.00,10.04,-0.15,1.60,1.60,-0.15,10.04,-0.04,-0.05,-0.03,Fuck You!
2468.00,2255.00,2402.00,2448.00,10.08,-0.06,1.64,1.64,-0.06,10.08,-0.03,-0.04,-0.02,Fuck You!
2487.00,2239.00,2401.00,2430.00,10.10,0.05,1.47,1.47,0.05,10.10,-0.05,-0.09,-0.08,Fuck You!
2476.00,2263.00,2399.00,2451.00,10.26,0.92,0.50,0.50,0.92,10.26,-0.03,-0.20,-0.21,Fuck You!
2469.00,2239.00,2387.00,2463.00,10.19,1.51,-0.42,-0.42,1.51,10.19,-0.04,-0.15,-0.11,Fuck You!
2474.00,153.00,0.00,2459.00,9.99,1.29,0.04,0.04,1.29,9.99,-0.05,-0.07,0.03,Fuck You!
2473.00,2127.00,0.00,2462.00,10.14,1.16,-0.12,-0.12,1.16,10.14,-0.01,-0.09,-0.02,Fuck You!
2481.00,2130.00,2387.00,2482.00,10.08,1.15,0.09,0.09,1.15,10.08,-0.03,0.00,0.01,Fuck You!
2477.00,2146.00,2389.00,2503.00,10.09,1.24,0.08,0.08,1.24,10.09,-0.05,-0.05,0.02,Fuck You!
2471.00,2147.00,2374.00,2469.00,10.16,0.88,0.20,0.20,0.88,10.16,-0.03,-0.02,0.03,Fuck You!
2479.00,2146.00,2395.00,2467.00,10.13,0.98,0.03,0.03,0.98,10.13,-0.02,-0.05,-0.04,Fuck You!
2522.00,1777.00,2384.00,2506.00,10.13,1.17,-0.19,-0.19,1.17,10.13,-0.02,-0.09,-0.10,Fuck You!
2477.00,2256.00,0.00,2467.00,10.10,1.01,0.04,0.04,1.01,10.10,-0.10,-0.14,-0.04,Fuck You!
2479.00,2247.00,0.00,2502.00,9.64,1.37,2.15,2.15,1.37,9.64,-1.60,0.38,0.02,Fuck You!
2478.00,2215.00,0.00,2459.00,9.51,0.78,3.96,3.96,0.78,9.51,0.07,0.14,0.03,Fuck You!
2484.00,2242.00,2385.00,2489.00,9.53,0.93,3.42,3.42,0.93,9.53,-0.06,-0.11,0.03,Fuck You!
2445.00,2207.00,2410.00,2458.00,9.81,-0.08,3.37,3.37,-0.08,9.81,1.26,-0.08,0.20,Fuck You!
2458.00,2258.00,2362.00,2473.00,9.62,2.65,1.53,1.53,2.65,9.62,1.63,-0.23,0.10,Fuck You!
2466.00,2242.00,2375.00,2481.00,10.07,1.67,0.12,0.12,1.67,10.07,0.64,0.09,0.10,Fuck You!
2462.00,2268.00,2382.00,2480.00,10.16,1.64,0.63,0.63,1.64,10.16,-0.07,0.08,0.05,Fuck You!
2493.00,2230.00,2414.00,2448.00,10.03,1.22,0.89,0.89,1.22,10.03,-0.04,-0.02,-0.00,Fuck You!
2474.00,2238.00,2387.00,2480.00,10.00,1.21,1.33,1.33,1.21,10.00,-0.08,-0.00,-0.01,Fuck You!
2479.00,2255.00,2415.00,2458.00,10.18,1.32,0.56,0.56,1.32,10.18,-0.03,-0.07,-0.01,Fuck You!
2468.00,2262.00,2384.00,2460.00,10.03,1.08,1.40,1.40,1.08,10.03,-0.05,-0.06,-0.01,Fuck You!
2462.00,2210.00,2368.00,2415.00,10.00,1.19,1.01,1.01,1.19,10.00,-0.08,-0.23,-0.06,Fuck You!
2473.00,2270.00,2384.00,2458.00,10.13,0.96,0.72,0.72,0.96,10.13,0.01,0.02,0.02,Fuck You!
2477.00,2047.00,2391.00,2427.00,9.89,1.93,1.37,1.37,1.93,9.89,0.03,0.04,0.02,Fuck You!
2460.00,2253.00,2377.00,2483.00,9.92,2.30,1.41,1.41,2.30,9.92,-0.08,-0.10,-0.08,Fuck You!
2482.00,2258.00,2397.00,2445.00,9.81,2.06,1.92,1.92,2.06,9.81,-0.21,-0.01,0.02,Fuck You!
2482.00,2212.00,2416.00,2439.00,9.92,1.54,1.94,1.94,1.54,9.92,-0.12,-0.12,-0.00,Fuck You!
2491.00,2230.00,2417.00,2450.00,9.87,1.96,1.84,1.84,1.96,9.87,-0.08,-0.05,-0.02,Fuck You!
2465.00,2254.00,2401.00,2487.00,9.90,1.64,1.78,1.78,1.64,9.90,-0.02,-0.01,-0.05,Fuck You!
2459.00,2240.00,2410.00,2480.00,9.84,1.65,1.94,1.94,1.65,9.84,-0.03,-0.02,-0.02,Fuck You!
2483.00,2278.00,2398.00,2512.00,9.85,1.71,1.90,1.90,1.71,9.85,-0.03,-0.07,-0.04,Fuck You!
2467.00,2254.00,2386.00,2446.00,9.96,1.86,1.81,1.81,1.86,9.96,-0.83,-0.16,-0.03,Fuck You!
2463.00,2224.00,0.00,2451.00,10.20,1.27,1.72,1.72,1.27,10.20,-0.91,-0.09,-0.09,Fuck You!
2496.00,2210.00,0.00,2475.00,9.86,1.04,1.95,1.95,1.04,9.86,-1.05,-0.13,0.05,Fuck You!
2502.00,2230.00,0.00,2438.00,9.99,-0.23,1.97,1.97,-0.23,9.99,-0.58,-0.11,-0.01,Fuck You!
2480.00,2262.00,2394.00,2482.00,10.08,-0.79,1.50,1.50,-0.79,10.08,-0.24,-0.06,-0.09,Fuck You!
2466.00,2245.00,2389.00,2459.00,10.02,-0.64,1.54,1.54,-0.64,10.02,-0.05,-0.03,-0.03,Fuck You!
2477.00,2224.00,2379.00,2466.00,10.04,-0.71,1.44,1.44,-0.71,10.04,-0.00,-0.06,-0.01,Fuck You!
2481.00,2253.00,2399.00,2537.00,10.08,-0.68,1.41,1.41,-0.68,10.08,-0.04,-0.07,-0.02,Fuck You!
2478.00,2223.00,2387.00,2455.00,10.10,-0.59,1.51,1.51,-0.59,10.10,-0.02,-0.06,-0.01,Fuck You!
2480.00,2264.00,2378.00,2457.00,10.13,-0.79,1.41,1.41,-0.79,10.13,0.01,-0.08,-0.01,Fuck You!
2481.00,2240.00,2395.00,2457.00,10.11,-0.31,0.90,0.90,-0.31,10.11,0.02,-0.09,-0.02,Fuck You!
2437.00,2273.00,2353.00,2487.00,9.96,-0.38,1.30,1.30,-0.38,9.96,-0.04,-0.05,-0.04,Fuck You!
2475.00,2268.00,2380.00,2487.00,10.14,-0.41,0.94,0.94,-0.41,10.14,-0.03,-0.04,-0.02,Fuck You!
2480.00,2226.00,2393.00,2530.00,10.14,-0.29,1.13,1.13,-0.29,10.14,-0.04,-0.05,-0.02,Fuck You!
2480.00,2229.00,2385.00,2517.00,10.16,-0.41,1.00,1.00,-0.41,10.16,-0.04,-0.05,-0.01,Fuck You!
2496.00,2252.00,2384.00,2449.00,10.15,-0.20,0.98,0.98,-0.20,10.15,0.00,-0.05,-0.02,Fuck You!
2448.00,2233.00,2418.00,2439.00,10.15,-0.20,0.66,0.66,-0.20,10.15,0.02,-0.10,0.01,Fuck You!
2511.00,2254.00,2424.00,2497.00,10.06,-0.20,0.75,0.75,-0.20,10.06,0.07,-0.00,-0.02,Fuck You!
2481.00,2237.00,2397.00,2490.00,10.13,-0.92,0.96,0.96,-0.92,10.13,0.02,-0.08,0.04,Fuck You!
2479.00,2263.00,2368.00,2463.00,11.62,0.66,0.72,0.72,0.66,11.62,0.13,-0.19,0.06,Fuck You!
2487.00,2279.00,2385.00,2479.00,10.23,1.00,-0.52,-0.52,1.00,10.23,1.22,0.06,-0.15,Fuck You!
2483.00,1813.00,2398.00,2495.00,9.96,0.26,0.75,0.75,0.26,9.96,1.32,-0.00,0.03,Fuck You!
2484.00,0.00,2385.00,2470.00,10.23,0.00,0.36,0.36,0.00,10.23,0.55,0.06,0.08,Fuck You!
2454.00,0.00,2386.00,2478.00,10.08,0.63,0.56,0.56,0.63,10.08,0.53,-0.04,0.05,Fuck You!
2490.00,0.00,2410.00,2512.00,10.11,-0.42,1.17,1.17,-0.42,10.11,-0.02,-0.01,0.03,Fuck You!
2480.00,0.00,2388.00,2445.00,10.06,-0.24,1.07,1.07,-0.24,10.06,-0.08,-0.01,-0.05,Fuck You!
2459.00,0.00,2391.00,2461.00,10.13,-0.28,1.08,1.08,-0.28,10.13,-0.14,-0.06,-0.03,Fuck You!
2467.00,0.00,2395.00,2482.00,10.15,-0.22,0.97,0.97,-0.22,10.15,-0.09,-0.04,-0.04,Fuck You!
2469.00,0.00,2393.00,2477.00,10.09,-0.21,1.00,1.00,-0.21,10.09,-0.04,-0.05,-0.02,Fuck You!
2496.00,0.00,2386.00,2511.00,10.18,-0.20,1.16,1.16,-0.20,10.18,-0.01,-0.03,-0.02,Fuck You!
2434.00,0.00,2373.00,2449.00,10.26,-0.16,0.90,0.90,-0.16,10.26,-0.04,-0.03,-0.03,Fuck You!
2459.00,0.00,2409.00,2475.00,10.24,-0.24,0.92,0.92,-0.24,10.24,-0.04,-0.04,-0.02,Fuck You!
2483.00,0.00,2421.00,2451.00,10.12,-0.14,0.92,0.92,-0.14,10.12,-0.04,-0.05,-0.02,Fuck You!
2486.00,0.00,2403.00,2523.00,10.20,-0.16,0.96,0.96,-0.16,10.20,-0.04,-0.05,-0.02,Fuck You!
2477.00,0.00,2393.00,2486.00,10.13,-0.17,1.02,1.02,-0.17,10.13,-0.04,-0.05,-0.02,Fuck You!
2475.00,0.00,2368.00,2483.00,10.05,-0.23,1.01,1.01,-0.23,10.05,-0.03,-0.02,-0.03,Fuck You!
2495.00,0.00,2384.00,2467.00,10.11,-0.13,1.05,1.05,-0.13,10.11,-0.04,-0.06,-0.01,Fuck You!
2475.00,0.00,2416.00,2502.00,10.08,-0.12,0.96,0.96,-0.12,10.08,-0.04,-0.02,-0.02,Fuck You!
2470.00,0.00,2403.00,2471.00,10.15,-0.24,0.98,0.98,-0.24,10.15,-0.05,-0.04,-0.01,Fuck You!
2497.00,0.00,2368.00,2448.00,10.10,-0.19,1.07,1.07,-0.19,10.10,-0.05,-0.02,-0.03,Fuck You!
2469.00,0.00,2400.00,2462.00,10.17,-0.26,0.96,0.96,-0.26,10.17,-0.03,-0.02,-0.03,Fuck You!
2503.00,0.00,2420.00,2493.00,10.01,-0.13,1.19,1.19,-0.13,10.01,-0.04,-0.03,-0.03,Fuck You!
2460.00,2240.00,2405.00,2434.00,9.93,0.01,1.48,1.48,0.01,9.93,-0.20,-0.04,-0.04,Fuck You!
2454.00,2239.00,2384.00,2483.00,10.15,-0.15,1.51,1.51,-0.15,10.15,-0.08,-0.06,-0.01,Fuck You!
2463.00,2258.00,2383.00,2461.00,10.16,-0.02,1.24,1.24,-0.02,10.16,-0.02,-0.02,-0.03,Fuck You!
2475.00,2256.00,2384.00,2445.00,10.13,-0.04,1.40,1.40,-0.04,10.13,-0.03,-0.04,-0.01,Fuck You!
2480.00,2258.00,2398.00,2445.00,10.15,-0.03,1.32,1.32,-0.03,10.15,-0.02,-0.05,-0.02,Fuck You!
2463.00,2254.00,2387.00,2483.00,10.08,-0.00,1.42,1.42,-0.00,10.08,-0.05,-0.05,-0.02,Fuck You!
2455.00,2256.00,2401.00,2463.00,10.10,-0.14,1.38,1.38,-0.14,10.10,-0.04,-0.05,-0.02,Fuck You!
2470.00,2231.00,2384.00,2463.00,10.26,-0.05,1.16,1.16,-0.05,10.26,-0.04,-0.06,-0.05,Fuck You!
2481.00,2227.00,2397.00,2471.00,10.14,0.09,0.84,0.84,0.09,10.14,-0.06,-0.06,-0.06,Fuck You!
2497.00,2258.00,2395.00,2445.00,10.29,0.57,0.62,0.62,0.57,10.29,-0.06,-0.03,-0.04,Fuck You!
2448.00,0.00,2384.00,2485.00,9.80,0.42,0.80,0.80,0.42,9.80,-0.05,-0.06,-0.02,Fuck You!
2471.00,0.00,2393.00,2480.00,10.23,0.13,0.63,0.63,0.13,10.23,-0.03,-0.05,-0.02,Fuck You!
2480.00,0.00,2403.00,2432.00,10.10,0.41,0.61,0.61,0.41,10.10,-0.04,-0.06,-0.02,Fuck You!
2467.00,0.00,2398.00,2511.00,10.14,0.38,0.60,0.60,0.38,10.14,-0.05,-0.06,-0.02,Fuck You!
2479.00,0.00,2384.00,2476.00,10.21,0.31,0.60,0.60,0.31,10.21,-0.03,-0.01,-0.03,Fuck You!
2487.00,0.00,2384.00,2480.00,10.15,0.42,0.66,0.66,0.42,10.15,-0.04,-0.03,-0.03,Fuck You!
2471.00,0.00,2406.00,2478.00,10.13,0.37,0.56,0.56,0.37,10.13,-0.02,-0.04,-0.03,Fuck You!
2482.00,0.00,2411.00,2447.00,10.20,0.53,0.56,0.56,0.53,10.20,-0.31,-0.05,-0.00,Fuck You!
2475.00,0.00,2377.00,2512.00,10.16,0.24,0.60,0.60,0.24,10.16,-0.05,-0.03,-0.02,Fuck You!
2495.00,0.00,2416.00,2486.00,10.15,0.41,0.47,0.47,0.41,10.15,-0.34,-0.09,0.01,Fuck You!
2485.00,0.00,2377.00,2461.00,10.05,0.29,0.83,0.83,0.29,10.05,-0.14,-0.01,-0.02,Fuck You!
2454.00,0.00,2386.00,2407.00,10.17,0.38,0.83,0.83,0.38,10.17,-0.33,-0.03,-0.01,Fuck You!
2489.00,0.00,2384.00,2489.00,10.07,-0.17,0.79,0.79,-0.17,10.07,-0.21,-0.03,0.03,Fuck You!
2483.00,0.00,2404.00,2451.00,10.20,-0.19,0.99,0.99,-0.19,10.20,-0.74,-0.03,0.03,Fuck You!
2413.00,0.00,2399.00,2497.00,10.19,-0.29,0.91,0.91,-0.29,10.19,-0.15,-0.02,-0.04,Fuck You!
2467.00,0.00,2384.00,2480.00,10.03,0.02,0.82,0.82,0.02,10.03,-0.46,-0.06,0.02,Fuck You!
2461.00,0.00,2378.00,2467.00,10.12,-0.77,0.87,0.87,-0.77,10.12,-0.22,-0.02,-0.01,Fuck You!
2506.00,0.00,2389.00,2439.00,10.03,-0.89,0.82,0.82,-0.89,10.03,-0.37,-0.05,0.02,Fuck You!
2437.00,0.00,2368.00,2481.00,10.21,-1.12,0.63,0.63,-1.12,10.21,-0.38,-0.01,0.00,Fuck You!
2469.00,0.00,2384.00,2474.00,10.20,-1.27,0.34,0.34,-1.27,10.20,-0.50,-0.05,0.05,Fuck You!
2467.00,0.00,2402.00,2496.00,10.04,-0.97,0.48,0.48,-0.97,10.04,-0.09,0.01,-0.08,Fuck You!
2482.00,0.00,2374.00,2479.00,10.10,-0.76,0.62,0.62,-0.76,10.10,-0.03,-0.07,-0.02,Fuck You!
2471.00,0.00,2390.00,2471.00,10.13,-0.85,0.69,0.69,-0.85,10.13,0.12,-0.06,-0.03,Fuck You!
2473.00,0.00,2406.00,2479.00,10.28,0.24,0.06,0.06,0.24,10.28,1.53,-0.04,-0.20,Fuck You!
2480.00,2227.00,2359.00,2439.00,9.99,0.54,0.81,0.81,0.54,9.99,0.43,0.15,-0.03,Fuck You!
2512.00,2224.00,2395.00,2486.00,10.14,0.27,1.09,1.09,0.27,10.14,0.03,-0.01,0.04,Fuck You!
2471.00,2253.00,2419.00,2493.00,10.13,0.29,0.56,0.56,0.29,10.13,0.05,-0.15,0.02,Fuck You!
2468.00,2224.00,2389.00,2381.00,10.16,-0.06,0.64,0.64,-0.06,10.16,-0.05,-0.07,0.01,Fuck You!
2480.00,2225.00,0.00,2500.00,10.11,-0.11,0.44,0.44,-0.11,10.11,-0.05,-0.07,-0.01,Fuck You!
2481.00,2241.00,2395.00,2475.00,10.13,-0.10,0.32,0.32,-0.10,10.13,-0.03,-0.07,-0.03,Fuck You!
2465.00,2218.00,2416.00,2481.00,10.21,-0.27,0.38,0.38,-0.27,10.21,-0.03,-0.05,-0.02,Fuck You!
2469.00,2233.00,2407.00,2485.00,10.18,-0.14,0.36,0.36,-0.14,10.18,-0.04,-0.05,-0.02,Fuck You!
2451.00,2236.00,2382.00,2455.00,10.15,-0.04,0.32,0.32,-0.04,10.15,-0.04,-0.05,-0.01,Fuck You!
2484.00,2255.00,2378.00,2478.00,10.13,-0.13,0.30,0.30,-0.13,10.13,-0.04,-0.05,-0.03,Fuck You!
2467.00,2256.00,2402.00,2486.00,10.14,-0.12,0.34,0.34,-0.12,10.14,-0.04,-0.04,-0.02,Fuck You!
2459.00,2235.00,2411.00,2478.00,10.22,-0.15,0.39,0.39,-0.15,10.22,-0.03,-0.04,-0.02,Fuck You!
2448.00,2224.00,2378.00,2490.00,10.14,-0.15,0.38,0.38,-0.15,10.14,-0.04,-0.03,-0.03,Fuck You!
2493.00,2224.00,2385.00,2512.00,10.15,-0.11,0.37,0.37,-0.11,10.15,-0.03,-0.04,-0.02,Fuck You!
2474.00,2229.00,2400.00,2474.00,10.21,0.01,0.33,0.33,0.01,10.21,-0.04,-0.04,-0.02,Fuck You!
2484.00,2269.00,2398.00,2464.00,10.14,-0.09,0.35,0.35,-0.09,10.14,-0.05,-0.05,-0.02,Fuck You!
2509.00,2246.00,2387.00,2466.00,10.16,-0.11,0.36,0.36,-0.11,10.16,-0.04,-0.04,-0.03,Fuck You!
2462.00,2256.00,2387.00,2474.00,10.15,-0.05,0.40,0.40,-0.05,10.15,-0.04,-0.05,-0.02,Fuck You!
2448.00,2221.00,2432.00,2478.00,10.19,-0.02,0.34,0.34,-0.02,10.19,-0.02,-0.04,-0.03,Fuck You!
2495.00,2222.00,2365.00,2428.00,10.15,0.00,0.34,0.34,0.00,10.15,-0.01,-0.04,-0.03,Fuck You!
2490.00,2223.00,2389.00,2480.00,10.09,-0.03,0.49,0.49,-0.03,10.09,-0.01,-0.04,-0.02,Fuck You!
2454.00,2241.00,2395.00,2480.00,10.12,-0.09,0.36,0.36,-0.09,10.12,-0.03,-0.04,-0.03,Fuck You!
2480.00,2239.00,2400.00,2506.00,10.11,-0.01,0.35,0.35,-0.01,10.11,0.02,-0.05,-0.02,Fuck You!
2515.00,2240.00,2384.00,2446.00,10.20,0.15,0.50,0.50,0.15,10.20,0.08,-0.04,-0.03,Fuck You!
2475.00,2218.00,2349.00,2495.00,10.15,0.47,0.45,0.45,0.47,10.15,0.44,-0.04,-0.07,Fuck You!
2509.00,2236.00,2415.00,2437.00,10.20,0.32,0.43,0.43,0.32,10.20,0.09,-0.05,-0.02,Fuck You!
2506.00,2235.00,2373.00,2448.00,10.18,0.33,0.28,0.28,0.33,10.18,0.25,-0.02,-0.04,Fuck You!
2445.00,2246.00,2403.00,2459.00,10.19,0.26,0.32,0.32,0.26,10.19,0.19,-0.02,-0.03,Fuck You!
2483.00,2244.00,2425.00,2471.00,10.07,0.46,0.31,0.31,0.46,10.07,-0.00,-0.05,-0.04,Fuck You!
2477.00,2234.00,2393.00,2437.00,10.18,0.73,0.25,0.25,0.73,10.18,0.10,-0.05,-0.04,Fuck You!
2480.00,2226.00,2399.00,2491.00,10.25,0.56,0.55,0.55,0.56,10.25,-0.05,-0.03,-0.04,Fuck You!
2477.00,2258.00,2367.00,2509.00,10.15,0.36,0.71,0.71,0.36,10.15,-0.09,-0.04,-0.03,Fuck You!
2486.00,2239.00,2386.00,2462.00,10.16,0.46,0.66,0.66,0.46,10.16,-0.04,-0.06,-0.01,Fuck You!
2458.00,2224.00,2396.00,2471.00,10.14,0.56,0.60,0.60,0.56,10.14,-0.03,-0.03,-0.02,Fuck You!
2477.00,2256.00,2399.00,2451.00,10.17,0.49,0.62,0.62,0.49,10.17,-0.05,-0.06,-0.01,Fuck You!
2522.00,2234.00,2383.00,2485.00,10.10,0.48,0.76,0.76,0.48,10.10,-0.03,-0.02,-0.02,Fuck You!
2487.00,2240.00,2394.00,2463.00,10.09,0.58,0.81,0.81,0.58,10.09,-0.04,-0.04,-0.01,Fuck You!
2496.00,2238.00,2367.00,2525.00,10.10,0.50,0.71,0.71,0.50,10.10,-0.03,-0.03,-0.03,Fuck You!
2509.00,2226.00,2405.00,2526.00,10.13,0.66,0.75,0.75,0.66,10.13,-0.04,-0.05,-0.03,Fuck You!
2475.00,2230.00,2384.00,2463.00,10.11,0.60,0.68,0.68,0.60,10.11,-0.08,-0.05,-0.01,Fuck You!
2467.00,2230.00,2394.00,2509.00,10.19,0.53,0.58,0.58,0.53,10.19,-0.03,-0.05,-0.02,Fuck You!
2459.00,2273.00,2405.00,2462.00,10.18,0.49,0.90,0.90,0.49,10.18,0.20,-0.03,-0.03,Fuck You!
2495.00,2256.00,2398.00,2511.00,10.14,0.87,0.38,0.38,0.87,10.14,-0.04,-0.05,0.08,Fuck You!
2497.00,2237.00,2385.00,2449.00,10.24,0.51,0.46,0.46,0.51,10.24,-0.13,-0.02,-0.07,Fuck You!
2467.00,2244.00,2384.00,2461.00,10.13,1.28,0.13,0.13,1.28,10.13,-0.06,-0.04,-0.08,Fuck You!
2480.00,2238.00,2388.00,2467.00,10.18,0.59,0.60,0.60,0.59,10.18,-0.05,-0.02,0.06,Fuck You!
2474.00,2239.00,2430.00,2494.00,10.09,0.24,0.31,0.31,0.24,10.09,-0.06,-0.05,0.01,Fuck You!
2458.00,2241.00,2356.00,2406.00,10.15,0.36,0.44,0.44,0.36,10.15,-0.05,-0.05,0.00,Fuck You!
2465.00,2229.00,2391.00,2476.00,10.14,0.31,0.16,0.16,0.31,10.14,-0.04,-0.03,0.00,Fuck You!
2471.00,2225.00,2403.00,2432.00,10.22,0.18,0.35,0.35,0.18,10.22,-0.04,-0.05,-0.02,Fuck You!
2489.00,2240.00,2371.00,2433.00,10.16,-0.16,0.53,0.53,-0.16,10.16,-0.04,-0.05,-0.01,Fuck You!
2470.00,2235.00,2380.00,2482.00,10.18,-0.02,0.38,0.38,-0.02,10.18,-0.05,-0.04,-0.01,Fuck You!
2496.00,2259.00,2409.00,2463.00,10.13,0.00,0.39,0.39,0.00,10.13,-0.05,-0.06,-0.02,Fuck You!
2481.00,2228.00,2395.00,2482.00,10.15,-0.01,0.52,0.52,-0.01,10.15,-0.05,-0.04,-0.01,Fuck You!
2477.00,2251.00,2374.00,2470.00,10.18,0.01,0.52,0.52,0.01,10.18,-0.04,-0.05,-0.02,Fuck You!
2496.00,2210.00,2411.00,2462.00,10.16,0.07,0.46,0.46,0.07,10.16,-0.03,-0.04,-0.03,Fuck You!
2448.00,2258.00,2403.00,2495.00,10.13,0.26,0.46,0.46,0.26,10.13,-0.04,-0.03,-0.02,Fuck You!
2480.00,2249.00,2389.00,2462.00,10.20,0.11,0.49,0.49,0.11,10.20,-0.02,-0.03,-0.03,Fuck You!
2445.00,2250.00,2389.00,2495.00,10.17,0.11,0.47,0.47,0.11,10.17,0.01,-0.03,-0.07,Fuck You!
2450.00,2250.00,2418.00,2448.00,10.15,0.29,0.65,0.65,0.29,10.15,-0.04,-0.05,-0.02,Fuck You!
2481.00,2244.00,2398.00,2458.00,10.16,0.23,0.72,0.72,0.23,10.16,-0.03,-0.04,-0.03,Fuck You!
2465.00,2236.00,2402.00,2527.00,10.20,0.29,0.60,0.60,0.29,10.20,-0.03,-0.04,-0.03,Fuck You!
2512.00,2246.00,2412.00,2478.00,10.16,0.36,0.61,0.61,0.36,10.16,-0.04,-0.05,-0.01,Fuck You!
2480.00,2241.00,2395.00,2485.00,10.19,0.32,0.57,0.57,0.32,10.19,-0.04,-0.04,-0.01,Fuck You!
2501.00,2271.00,2411.00,2496.00,10.16,0.48,0.84,0.84,0.48,10.16,-0.02,-0.03,-0.03,Fuck You!
2465.00,2224.00,2403.00,2585.00,10.15,0.46,0.77,0.77,0.46,10.15,-0.03,-0.03,-0.03,Fuck You!
2465.00,2231.00,2383.00,2500.00,10.13,0.55,0.70,0.70,0.55,10.13,-0.04,-0.05,-0.01,Fuck You!
2483.00,2242.00,2399.00,2475.00,10.13,0.40,0.68,0.68,0.40,10.13,-0.06,-0.07,0.02,Fuck You!
2510.00,2230.00,2401.00,2448.00,10.17,0.26,0.54,0.54,0.26,10.17,-0.03,-0.07,-0.02,Fuck You!
2479.00,2238.00,2401.00,2491.00,10.15,0.12,0.71,0.71,0.12,10.15,-0.12,-0.05,-0.00,Fuck You!
2474.00,2262.00,2383.00,2527.00,10.12,0.04,0.59,0.59,0.04,10.12,-0.03,-0.04,-0.03,Fuck You!
2461.00,2271.00,2421.00,2502.00,10.15,0.45,0.59,0.59,0.45,10.15,-0.08,-0.04,-0.00,Fuck You!
2484.00,2251.00,2384.00,2480.00,10.11,0.13,0.61,0.61,0.13,10.11,-0.02,-0.04,-0.04,Fuck You!
2538.00,2271.00,2368.00,2511.00,10.10,0.20,0.70,0.70,0.20,10.10,-0.04,-0.05,-0.02,Fuck You!
2539.00,2240.00,2406.00,2483.00,10.14,0.16,0.66,0.66,0.16,10.14,-0.03,-0.04,-0.02,Fuck You!
2475.00,2256.00,2394.00,2466.00,10.18,0.15,0.64,0.64,0.15,10.18,-0.03,-0.03,-0.03,Fuck You!
2496.00,2269.00,2403.00,2450.00,10.16,0.23,0.72,0.72,0.23,10.16,-0.03,-0.04,-0.03,Fuck You!
2479.00,2240.00,2375.00,2494.00,10.18,0.22,0.62,0.62,0.22,10.18,-0.03,-0.04,-0.02,Fuck You!
2502.00,2242.00,2390.00,2461.00,10.13,0.22,0.79,0.79,0.22,10.13,-0.02,-0.04,-0.03,Fuck You!
2459.00,2252.00,2390.00,2496.00,10.18,0.34,0.68,0.68,0.34,10.18,-0.05,-0.04,-0.00,Fuck You!
2451.00,2247.00,2394.00,2480.00,10.14,0.23,0.77,0.77,0.23,10.14,-0.02,-0.06,-0.03,Fuck You!
2470.00,2246.00,2399.00,2464.00,10.10,0.26,0.72,0.72,0.26,10.10,-0.05,-0.04,-0.01,Fuck You!
2442.00,2209.00,2390.00,2475.00,10.17,0.18,0.71,0.71,0.18,10.17,-0.03,-0.04,-0.02,Fuck You!
2426.00,2255.00,2367.00,2469.00,10.11,0.12,0.78,0.78,0.12,10.11,-0.03,-0.04,-0.04,Fuck You!
2478.00,2233.00,2387.00,2494.00,10.14,0.21,0.60,0.60,0.21,10.14,-0.03,-0.05,-0.02,Fuck You!
2467.00,2230.00,2405.00,2473.00,10.17,0.27,0.60,0.60,0.27,10.17,-0.03,-0.04,-0.02,Fuck You!
2458.00,2251.00,2398.00,2494.00,10.12,0.26,0.67,0.67,0.26,10.12,-0.03,-0.05,-0.01,Fuck You!
2480.00,2240.00,2397.00,2427.00,10.17,0.27,0.71,0.71,0.27,10.17,-0.03,-0.05,-0.02,Fuck You!
2455.00,2224.00,2399.00,2465.00,10.21,0.20,0.70,0.70,0.20,10.21,-0.03,-0.04,-0.02,Fuck You!
2491.00,2262.00,2384.00,2450.00,10.16,0.21,0.65,0.65,0.21,10.16,-0.04,-0.05,-0.02,Fuck You!
2512.00,2239.00,2395.00,2502.00,10.20,0.30,0.57,0.57,0.30,10.20,-0.03,-0.05,-0.03,Fuck You!
2461.00,2257.00,2426.00,2434.00,10.07,0.34,0.78,0.78,0.34,10.07,-0.04,-0.04,-0.02,Fuck You!
2470.00,2233.00,2384.00,2496.00,10.17,0.19,0.68,0.68,0.19,10.17,-0.04,-0.04,-0.01,Fuck You!
2478.00,2252.00,2409.00,2494.00,10.15,0.31,0.68,0.68,0.31,10.15,-0.04,-0.04,-0.02,Fuck You!
2470.00,2224.00,2364.00,2463.00,10.12,0.22,0.78,0.78,0.22,10.12,-0.03,-0.04,-0.02,Fuck You!
2509.00,2234.00,2397.00,2480.00,10.23,0.22,0.72,0.72,0.22,10.23,-0.04,-0.05,-0.02,Fuck You!
2478.00,2243.00,2394.00,2509.00,10.10,0.23,0.66,0.66,0.23,10.10,-0.03,-0.04,-0.02,Fuck You!
2490.00,2244.00,2395.00,2515.00,10.12,0.28,0.68,0.68,0.28,10.12,-0.04,-0.04,-0.03,Fuck You!
2449.00,2241.00,2387.00,2482.00,10.17,0.64,0.78,0.78,0.64,10.17,-0.06,-0.04,-0.00,Fuck You!
2487.00,2243.00,2403.00,2467.00,10.14,0.31,0.74,0.74,0.31,10.14,-0.05,-0.06,-0.02,Fuck You!
2493.00,2242.00,2390.00,2515.00,10.17,0.18,0.59,0.59,0.18,10.17,-0.04,-0.06,-0.02,Fuck You!
2496.00,2247.00,2416.00,2465.00,9.96,0.29,1.30,1.30,0.29,9.96,-0.07,0.02,-0.06,Fuck You!
2480.00,2211.00,2402.00,2502.00,10.19,0.30,1.12,1.12,0.30,10.19,0.04,0.04,-0.06,Fuck You!
2476.00,2293.00,2404.00,2466.00,10.13,0.53,1.40,1.40,0.53,10.13,-0.06,-0.05,-0.04,Fuck You!
2486.00,2240.00,2294.00,2468.00,10.17,0.15,1.18,1.18,0.15,10.17,-0.07,0.01,-0.07,Fuck You!
2476.00,2246.00,0.00,2458.00,10.23,0.47,1.04,1.04,0.47,10.23,-0.16,-0.09,0.01,Fuck You!
2448.00,2281.00,0.00,2486.00,10.01,0.48,0.97,0.97,0.48,10.01,-0.06,-0.11,-0.01,Fuck You!
2512.00,2255.00,0.00,2525.00,10.02,0.58,1.02,1.02,0.58,10.02,-0.00,-0.04,-0.02,Fuck You!
2465.00,2242.00,0.00,2451.00,10.11,0.43,0.78,0.78,0.43,10.11,-0.04,-0.05,-0.01,Fuck You!
2467.00,2234.00,0.00,2512.00,10.07,0.32,0.91,0.91,0.32,10.07,-0.05,-0.09,-0.01,Fuck You!
2480.00,2245.00,0.00,2480.00,10.03,0.41,0.96,0.96,0.41,10.03,-0.02,-0.02,-0.02,Fuck You!
2453.00,2237.00,2389.00,2428.00,10.17,0.24,0.85,0.85,0.24,10.17,-0.02,-0.01,-0.03,Fuck You!
2480.00,2251.00,2352.00,2483.00,10.19,0.32,1.04,1.04,0.32,10.19,0.00,-0.01,-0.04,Fuck You!
2512.00,2229.00,2383.00,2487.00,10.10,0.42,1.02,1.02,0.42,10.10,-0.04,-0.03,-0.02,Fuck You!
2477.00,2251.00,2389.00,2527.00,10.20,0.39,0.96,0.96,0.39,10.20,-0.02,-0.03,-0.03,Fuck You!
2463.00,2237.00,2405.00,2463.00,10.18,0.46,0.85,0.85,0.46,10.18,-0.03,-0.06,-0.01,Fuck You!
2459.00,2256.00,2393.00,2517.00,10.12,0.39,1.00,1.00,0.39,10.12,-0.04,-0.03,-0.03,Fuck You!
2465.00,2237.00,2405.00,2443.00,10.18,0.39,0.99,0.99,0.39,10.18,-0.02,-0.02,-0.03,Fuck You!
2480.00,2226.00,2390.00,2481.00,10.14,0.42,1.07,1.07,0.42,10.14,-0.03,-0.05,-0.03,Fuck You!
2471.00,2256.00,2375.00,2449.00,10.12,0.50,1.05,1.05,0.50,10.12,-0.04,-0.04,-0.03,Fuck You!
2466.00,2258.00,2386.00,2458.00,10.18,0.57,1.17,1.17,0.57,10.18,-0.05,-0.06,-0.02,Fuck You!
2490.00,2235.00,2412.00,2486.00,10.15,0.57,1.07,1.07,0.57,10.15,-0.04,-0.03,-0.02,Fuck You!
2475.00,2217.00,2387.00,2477.00,10.17,0.55,0.92,0.92,0.55,10.17,-0.04,-0.04,-0.02,Fuck You!
2480.00,2237.00,2400.00,2454.00,10.14,0.48,1.14,1.14,0.48,10.14,-0.03,-0.04,-0.02,Fuck You!
2518.00,2267.00,2399.00,2439.00,10.15,0.62,0.99,0.99,0.62,10.15,-0.03,-0.02,-0.02,Fuck You!
2490.00,2235.00,2385.00,2505.00,10.09,0.56,1.08,1.08,0.56,10.09,-0.04,-0.04,-0.04,Fuck You!
2480.00,2237.00,2402.00,2454.00,10.16,0.56,1.12,1.12,0.56,10.16,-0.04,-0.05,-0.01,Fuck You!
2482.00,2231.00,2397.00,2443.00,10.11,0.55,1.16,1.16,0.55,10.11,-0.04,-0.04,-0.02,Fuck You!
2480.00,2256.00,2383.00,2480.00,10.14,0.51,1.07,1.07,0.51,10.14,-0.04,-0.05,-0.02,Fuck You!
2480.00,2205.00,2419.00,2484.00,10.10,0.52,1.12,1.12,0.52,10.10,-0.04,-0.03,-0.02,Fuck You!
2443.00,2229.00,2379.00,2368.00,10.13,0.45,0.99,0.99,0.45,10.13,-0.05,-0.07,-0.02,Fuck You!
2471.00,2267.00,2414.00,2476.00,10.18,0.59,0.83,0.83,0.59,10.18,-0.05,-0.08,0.00,Fuck You!
2467.00,2231.00,2404.00,2470.00,10.03,0.57,0.75,0.75,0.57,10.03,-0.03,-0.00,-0.04,Fuck You!
2527.00,2274.00,2413.00,2452.00,10.07,0.58,0.79,0.79,0.58,10.07,-0.02,-0.03,-0.04,Fuck You!
2473.00,2256.00,2394.00,2482.00,10.04,0.54,0.65,0.65,0.54,10.04,-0.05,-0.06,-0.02,Fuck You!
2478.00,2218.00,2402.00,2459.00,10.16,0.61,0.72,0.72,0.61,10.16,-0.05,-0.04,-0.03,Fuck You!
2470.00,2249.00,2387.00,2483.00,10.04,0.62,0.81,0.81,0.62,10.04,-0.03,-0.06,-0.02,Fuck You!
2461.00,2260.00,2402.00,2459.00,10.11,0.58,0.80,0.80,0.58,10.11,-0.06,-0.01,-0.04,Fuck You!
2461.00,2256.00,2384.00,2480.00,10.10,0.66,0.87,0.87,0.66,10.10,-0.04,-0.03,-0.02,Fuck You!
2466.00,2253.00,2388.00,2466.00,10.07,0.61,0.73,0.73,0.61,10.07,-0.04,-0.04,-0.02,Fuck You!
2490.00,2256.00,2390.00,2449.00,10.17,0.64,0.83,0.83,0.64,10.17,-0.04,-0.04,-0.02,Fuck You!
2480.00,2231.00,2414.00,2450.00,10.10,0.59,0.73,0.73,0.59,10.10,-0.03,-0.04,-0.02,Fuck You!
2459.00,2261.00,2416.00,2434.00,10.15,0.70,0.88,0.88,0.70,10.15,-0.04,-0.05,-0.02,Fuck You!
2462.00,2253.00,2375.00,2479.00,10.11,0.69,0.91,0.91,0.69,10.11,-0.04,-0.04,-0.03,Fuck You!
2448.00,2261.00,2403.00,2463.00,10.10,0.77,0.88,0.88,0.77,10.10,-0.05,-0.06,-0.00,Fuck You!
2454.00,2262.00,2399.00,2480.00,10.10,0.74,0.92,0.92,0.74,10.10,-0.03,-0.04,-0.03,Fuck You!
2470.00,2223.00,2393.00,2493.00,10.02,0.65,1.05,1.05,0.65,10.02,-0.06,-0.07,-0.02,Fuck You!
2470.00,2224.00,2416.00,2480.00,10.13,0.74,1.03,1.03,0.74,10.13,-0.02,0.02,-0.03,Fuck You!
2438.00,0.00,0.00,2481.00,9.79,0.56,0.88,0.88,0.56,9.79,-0.03,-0.00,-0.03,Fuck You!
2485.00,0.00,0.00,2428.00,10.02,0.52,0.85,0.85,0.52,10.02,-0.03,-0.01,-0.03,Fuck You!
2470.00,0.00,0.00,2451.00,10.14,0.43,0.83,0.83,0.43,10.14,-0.04,-0.05,-0.01,Fuck You!
2480.00,0.00,2382.00,2493.00,10.19,0.46,0.68,0.68,0.46,10.19,-0.01,0.00,-0.05,Fuck You!
2511.00,1829.00,2415.00,2456.00,9.96,0.57,0.98,0.98,0.57,9.96,-0.04,-0.07,-0.02,Fuck You!
2478.00,2242.00,2407.00,2473.00,10.14,0.63,0.88,0.88,0.63,10.14,-0.04,-0.04,-0.02,Fuck You!
2467.00,2245.00,2384.00,2457.00,10.18,0.57,0.89,0.89,0.57,10.18,-0.03,-0.04,-0.02,Fuck You!
2512.00,2243.00,2363.00,2505.00,10.10,0.70,0.99,0.99,0.70,10.10,-0.04,-0.03,-0.02,Fuck You!
2542.00,2178.00,2406.00,2469.00,10.12,0.67,1.11,1.11,0.67,10.12,-0.04,-0.05,0.00,Fuck You!
2481.00,2233.00,2385.00,2466.00,10.05,0.63,1.16,1.16,0.63,10.05,-0.02,-0.03,-0.02,Fuck You!
2453.00,2243.00,2423.00,2454.00,10.06,0.68,1.07,1.07,0.68,10.06,-0.03,-0.03,-0.03,Fuck You!
2463.00,2235.00,2397.00,2458.00,10.06,0.74,1.13,1.13,0.74,10.06,-0.03,-0.04,-0.02,Fuck You!
2467.00,2238.00,2395.00,2493.00,10.09,0.64,1.18,1.18,0.64,10.09,-0.05,-0.04,-0.03,Fuck You!
2474.00,2231.00,2366.00,2460.00,10.05,0.71,1.15,1.15,0.71,10.05,-0.03,-0.05,-0.02,Fuck You!
2476.00,2253.00,2419.00,2476.00,10.08,0.59,1.12,1.12,0.59,10.08,-0.03,-0.04,-0.02,Fuck You!
2465.00,2253.00,2387.00,2457.00,10.17,0.70,1.16,1.16,0.70,10.17,-0.03,-0.06,-0.02,Fuck You!
2485.00,2278.00,2409.00,2479.00,10.08,0.60,0.95,0.95,0.60,10.08,-0.01,-0.03,-0.03,Fuck You!
2480.00,2247.00,2411.00,2471.00,10.07,0.67,1.15,1.15,0.67,10.07,-0.04,-0.03,-0.03,Fuck You!
2489.00,2250.00,2405.00,2459.00,10.17,0.41,1.06,1.06,0.41,10.17,-0.35,-0.02,0.07,Fuck You!
2480.00,2257.00,2398.00,2453.00,10.19,-0.24,0.92,0.92,-0.24,10.19,0.02,-0.09,0.03,Fuck You!
2467.00,2229.00,2401.00,2458.00,10.09,0.22,0.78,0.78,0.22,10.09,-0.04,-0.06,-0.04,Fuck You!
2466.00,2227.00,2385.00,2480.00,10.25,-0.11,0.68,0.68,-0.11,10.25,-0.02,-0.04,-0.03,Fuck You!
2463.00,2242.00,2401.00,2467.00,10.17,0.11,0.84,0.84,0.11,10.17,-0.02,-0.04,-0.03,Fuck You!
2481.00,2256.00,2384.00,2478.00,10.20,0.02,0.83,0.83,0.02,10.20,-0.04,-0.03,-0.02,Fuck You!
2499.00,2237.00,2387.00,2448.00,10.12,-0.25,1.44,1.44,-0.25,10.12,-0.06,0.01,0.02,Fuck You!
2479.00,2240.00,2381.00,2426.00,10.12,-0.04,1.08,1.08,-0.04,10.12,-0.03,-0.06,-0.01,Fuck You!
2483.00,2244.00,2369.00,2496.00,10.08,-0.03,1.23,1.23,-0.03,10.08,0.00,-0.02,-0.08,Fuck You!
2451.00,2231.00,2379.00,2469.00,10.20,0.26,0.69,0.69,0.26,10.20,-0.01,-0.02,-0.02,Fuck You!
2480.00,2202.00,2379.00,2475.00,10.11,0.22,0.71,0.71,0.22,10.11,-0.02,-0.05,-0.07,Fuck You!
2447.00,2271.00,2379.00,2432.00,10.16,0.50,0.89,0.89,0.50,10.16,-0.03,-0.03,-0.02,Fuck You!
2487.00,2239.00,2380.00,2457.00,10.34,-0.53,-0.14,-0.14,-0.53,10.34,-2.42,-0.10,0.10,Fuck You!
2462.00,0.00,2384.00,2501.00,10.10,-0.65,0.86,0.86,-0.65,10.10,-1.07,0.06,0.09,Fuck You!
2512.00,2155.00,2416.00,2464.00,10.07,-0.66,1.14,1.14,-0.66,10.07,-0.02,-0.05,-0.02,Fuck You!
2448.00,2154.00,2409.00,2479.00,10.06,-0.67,0.97,0.97,-0.67,10.06,0.20,-0.11,-0.07,Fuck You!
2487.00,2226.00,2383.00,2448.00,10.21,-0.51,0.28,0.28,-0.51,10.21,1.62,-0.11,-0.17,Fuck You!
2478.00,2199.00,2368.00,2448.00,10.18,-0.04,0.11,0.11,-0.04,10.18,0.57,-0.11,-0.05,Fuck You!
2491.00,1772.00,2384.00,2463.00,10.19,-0.28,-0.20,-0.20,-0.28,10.19,0.11,0.00,-0.05,Fuck You!
2455.00,2189.00,2398.00,2506.00,9.88,-0.48,0.26,0.26,-0.48,9.88,-0.03,-0.10,0.10,Fuck You!
2483.00,1834.00,0.00,2468.00,10.29,-0.68,-0.27,-0.27,-0.68,10.29,-0.01,-0.05,-0.05,Fuck You!
2468.00,1443.00,0.00,2470.00,10.18,-0.49,-0.26,-0.26,-0.49,10.18,-0.03,-0.02,-0.04,Fuck You!
2455.00,1796.00,0.00,2462.00,10.07,-0.49,-0.12,-0.12,-0.49,10.07,-0.02,-0.03,-0.03,Fuck You!
2480.00,2113.00,2412.00,2480.00,10.18,-0.36,-0.02,-0.02,-0.36,10.18,-0.06,-0.05,-0.02,Fuck You!
2459.00,2112.00,2382.00,2495.00,10.18,-0.27,-0.01,-0.01,-0.27,10.18,-0.02,-0.02,-0.04,Fuck You!
2442.00,2173.00,2416.00,2448.00,10.14,-0.40,0.01,0.01,-0.40,10.14,-0.03,-0.02,-0.03,Fuck You!
2474.00,2064.00,2414.00,2448.00,10.09,-0.34,0.11,0.11,-0.34,10.09,-0.02,-0.02,-0.04,Fuck You!
2470.00,2110.00,2389.00,2449.00,10.11,-0.20,0.24,0.24,-0.20,10.11,-0.04,-0.04,-0.02,Fuck You!
2496.00,2163.00,2402.00,2462.00,10.23,-0.20,0.15,0.15,-0.20,10.23,-0.04,-0.03,-0.03,Fuck You!
2495.00,2129.00,2389.00,2460.00,10.10,-0.20,0.17,0.17,-0.20,10.10,-0.04,-0.06,-0.01,Fuck You!
2483.00,2160.00,2388.00,2471.00,10.24,-0.58,0.12,0.12,-0.58,10.24,-0.26,-0.06,-0.14,Fuck You!
2491.00,2229.00,2412.00,2480.00,10.25,0.87,0.49,0.49,0.87,10.25,0.65,0.42,-0.48,Fuck You!
2500.00,0.00,0.00,2462.00,9.79,2.59,1.58,1.58,2.59,9.79,-0.16,0.03,0.01,Fuck You!
2450.00,0.00,0.00,2445.00,10.11,1.75,1.09,1.09,1.75,10.11,-0.33,-0.16,-0.09,Fuck You!
2469.00,0.00,0.00,2477.00,9.96,1.89,1.40,1.40,1.89,9.96,-0.04,-0.04,0.01,Fuck You!
2533.00,0.00,0.00,2418.00,9.97,1.78,1.21,1.21,1.78,9.97,-0.05,-0.04,-0.01,Fuck You!
2470.00,0.00,0.00,2447.00,9.96,1.71,1.18,1.18,1.71,9.96,-0.04,-0.04,-0.00,Fuck You!
2481.00,0.00,0.00,2447.00,9.97,1.64,1.15,1.15,1.64,9.97,-0.04,-0.04,0.06,Fuck You!
2496.00,0.00,0.00,2416.00,10.05,1.58,1.32,1.32,1.58,10.05,-0.01,-0.00,-0.01,Fuck You!
2476.00,2240.00,0.00,2486.00,9.96,1.46,1.49,1.49,1.46,9.96,-0.02,0.01,-0.03,Fuck You!
2479.00,2225.00,0.00,2471.00,10.00,1.46,1.37,1.37,1.46,10.00,-0.02,-0.04,-0.01,Fuck You!
2480.00,2262.00,0.00,2467.00,10.01,1.46,1.38,1.38,1.46,10.01,-0.05,-0.07,-0.01,Fuck You!
2458.00,2245.00,0.00,2397.00,10.03,1.47,1.29,1.29,1.47,10.03,-0.04,-0.02,-0.02,Fuck You!
2497.00,2256.00,0.00,2467.00,9.97,1.40,1.48,1.48,1.40,9.97,-0.05,-0.05,-0.01,Fuck You!
2486.00,2250.00,0.00,2463.00,10.11,1.40,1.29,1.29,1.40,10.11,-0.02,-0.04,-0.02,Fuck You!
2459.00,2227.00,0.00,2477.00,10.00,1.37,1.34,1.34,1.37,10.00,-0.05,-0.05,-0.02,Fuck You!
2486.00,2246.00,0.00,2446.00,9.99,1.42,1.28,1.28,1.42,9.99,-0.07,-0.07,0.00,Fuck You!
2477.00,2219.00,2384.00,2458.00,10.06,1.30,1.38,1.38,1.30,10.06,0.03,-0.01,0.01,Fuck You!
2479.00,2253.00,2384.00,2463.00,10.00,1.23,1.61,1.61,1.23,10.00,-0.04,-0.06,-0.01,Fuck You!
2469.00,2256.00,2397.00,2452.00,10.00,1.30,1.53,1.53,1.30,10.00,-0.03,-0.05,-0.01,Fuck You!
2478.00,2223.00,2415.00,2430.00,9.99,1.20,1.55,1.55,1.20,9.99,-0.02,-0.02,-0.01,Fuck You!
2474.00,2253.00,2419.00,2423.00,9.76,-0.18,2.28,2.28,-0.18,9.76,-1.95,0.21,0.23,Fuck You!
2477.00,2233.00,2400.00,2451.00,9.72,-1.66,3.35,3.35,-1.66,9.72,0.02,0.14,0.07,Fuck You!
2486.00,2038.00,2379.00,2427.00,9.71,-1.27,3.24,3.24,-1.27,9.71,-0.06,-0.05,-0.04,Fuck You!
2486.00,0.00,2414.00,2482.00,9.69,-1.17,3.78,3.78,-1.17,9.69,-0.01,-0.07,-0.08,Fuck You!
2455.00,11.00,2423.00,2448.00,9.59,-1.08,3.29,3.29,-1.08,9.59,-0.02,-0.06,-0.01,Fuck You!
2483.00,0.00,0.00,2468.00,9.81,-1.49,3.14,3.14,-1.49,9.81,-0.07,-0.04,-0.03,Fuck You!
2479.00,2247.00,2373.00,2512.00,9.50,-2.48,3.77,3.77,-2.48,9.50,1.06,-0.57,-0.08,Fuck You!
2479.00,2227.00,2402.00,2457.00,10.03,-1.36,0.48,0.48,-1.36,10.03,0.47,-0.12,-0.14,Fuck You!
2467.00,0.00,2401.00,2458.00,10.06,-0.03,0.48,0.48,-0.03,10.06,-0.02,-0.04,0.09,Fuck You!
2466.00,2156.00,2384.00,2487.00,10.06,0.45,0.38,0.38,0.45,10.06,-0.03,-0.02,0.00,Fuck You!
2466.00,2043.00,2388.00,2467.00,10.17,-0.09,0.55,0.55,-0.09,10.17,-0.03,-0.01,-0.03,Fuck You!
2482.00,1997.00,2399.00,2451.00,10.16,-0.04,0.75,0.75,-0.04,10.16,-0.03,-0.06,-0.01,Fuck You!
2455.00,1996.00,2384.00,2476.00,10.16,0.04,0.59,0.59,0.04,10.16,-0.03,-0.04,-0.01,Fuck You!
2458.00,1979.00,2413.00,2461.00,10.22,0.07,0.73,0.73,0.07,10.22,-0.03,-0.04,-0.01,Fuck You!
2449.00,1968.00,2374.00,2479.00,10.04,0.11,0.73,0.73,0.11,10.04,-0.03,-0.05,-0.01,Fuck You!
2498.00,2014.00,2390.00,2462.00,10.21,-0.09,0.50,0.50,-0.09,10.21,-0.04,-0.05,-0.03,Fuck You!
2496.00,2032.00,2388.00,2469.00,10.17,0.02,0.49,0.49,0.02,10.17,-0.04,-0.04,-0.02,Fuck You!
2495.00,2028.00,2375.00,2432.00,10.14,-0.15,0.54,0.54,-0.15,10.14,-0.03,-0.03,-0.02,Fuck You!
2480.00,2053.00,2384.00,2459.00,10.24,0.03,0.56,0.56,0.03,10.24,-0.02,-0.01,-0.00,Fuck You!
2455.00,1955.00,2384.00,2489.00,10.14,-0.08,0.58,0.58,-0.08,10.14,-0.04,-0.07,-0.05,Fuck You!
2477.00,1871.00,2403.00,2491.00,10.16,0.07,0.59,0.59,0.07,10.16,-0.04,-0.02,-0.00,Fuck You!
2497.00,2041.00,2405.00,2489.00,10.15,-0.04,0.57,0.57,-0.04,10.15,-0.05,-0.05,-0.03,Fuck You!
2491.00,1950.00,2396.00,2433.00,10.12,0.06,0.70,0.70,0.06,10.12,-0.03,-0.03,-0.01,Fuck You!
2459.00,2046.00,2410.00,2448.00,10.21,0.03,0.59,0.59,0.03,10.21,-0.04,-0.04,-0.02,Fuck You!
2477.00,2032.00,2427.00,2434.00,10.13,-0.03,0.66,0.66,-0.03,10.13,-0.04,-0.03,-0.02,Fuck You!
2487.00,1981.00,2380.00,2448.00,10.19,-0.12,0.64,0.64,-0.12,10.19,-0.04,-0.04,-0.03,Fuck You!
2480.00,2029.00,2394.00,2398.00,10.15,-0.10,0.59,0.59,-0.10,10.15,-0.05,-0.09,0.02,Fuck You!
2459.00,2069.00,2389.00,2467.00,10.11,-0.15,0.35,0.35,-0.15,10.11,-0.04,-0.11,-0.03,Fuck You!
2474.00,1967.00,2403.00,2463.00,10.18,-0.49,0.41,0.41,-0.49,10.18,0.01,0.00,-0.06,Fuck You!
2479.00,1957.00,2391.00,2469.00,10.13,-0.15,0.19,0.19,-0.15,10.13,-0.02,-0.02,-0.05,Fuck You!
2481.00,1936.00,2416.00,2489.00,10.14,-0.39,0.25,0.25,-0.39,10.14,-0.05,-0.05,-0.03,Fuck You!
2512.00,1949.00,2397.00,2448.00,10.19,-0.22,0.25,0.25,-0.22,10.19,-0.04,-0.04,-0.01,Fuck You!