thumb1,index1,middle1,pinky1,accelX1,accelY1,accelZ1,gForceX1,gForceY1,gForceZ1,gyroX1,gyroY1,gyroZ1,gesture,
2483.00,0.00,2369.00,2453.00,-3.71,3.62,8.71,8.71,3.62,-3.71,-0.03,-0.04,-0.02,OK!
2462.00,0.00,2377.00,2521.00,-3.78,3.52,8.75,8.75,3.52,-3.78,-0.04,-0.03,-0.00,OK!
2468.00,0.00,2363.00,2470.00,-3.75,3.64,8.72,8.72,3.64,-3.75,-0.03,-0.05,-0.01,OK!
2448.00,0.00,2363.00,2486.00,-3.71,3.73,8.76,8.76,3.73,-3.71,-0.03,-0.04,-0.02,OK!
2475.00,1625.00,2368.00,2470.00,-2.87,2.59,8.66,8.66,2.59,-2.87,-0.13,-0.03,-0.25,OK!
2486.00,2227.00,2373.00,2476.00,-5.09,2.92,8.20,8.20,2.92,-5.09,-0.08,-0.01,-0.04,OK!
2458.00,2256.00,2363.00,2481.00,-4.99,2.70,8.33,8.33,2.70,-4.99,-0.07,-0.07,-0.03,OK!
2478.00,2195.00,2361.00,2502.00,-5.09,2.79,8.20,8.20,2.79,-5.09,0.03,-0.03,-0.01,OK!
2450.00,2238.00,2361.00,2471.00,-5.00,3.15,8.02,8.02,3.15,-5.00,-0.04,-0.03,0.00,OK!
2457.00,2244.00,2367.00,2470.00,-4.94,3.04,8.21,8.21,3.04,-4.94,-0.01,-0.05,-0.02,OK!
2469.00,2221.00,2365.00,2458.00,-5.08,2.97,8.28,8.28,2.97,-5.08,-0.03,-0.05,-0.02,OK!
2491.00,2224.00,2368.00,2467.00,-5.02,3.04,8.12,8.12,3.04,-5.02,-0.04,-0.04,-0.02,OK!
2448.00,2240.00,2381.00,2475.00,-4.92,3.00,8.11,8.11,3.00,-4.92,-0.03,-0.04,-0.02,OK!
2451.00,2234.00,2354.00,2451.00,-5.00,2.98,8.11,8.11,2.98,-5.00,-0.04,-0.04,-0.02,OK!
2450.00,2225.00,2374.00,2485.00,-5.00,2.97,8.28,8.28,2.97,-5.00,-0.04,-0.04,-0.02,OK!
2474.00,2230.00,2361.00,2492.00,-5.00,3.00,8.12,8.12,3.00,-5.00,-0.04,-0.04,-0.03,OK!
2474.00,2246.00,2370.00,2471.00,-4.98,2.98,8.26,8.26,2.98,-4.98,-0.03,-0.04,-0.02,OK!
2467.00,2256.00,2354.00,2467.00,-4.95,2.99,8.12,8.12,2.99,-4.95,-0.03,-0.04,-0.02,OK!
2470.00,2249.00,2352.00,2495.00,-4.93,2.98,8.22,8.22,2.98,-4.93,-0.04,-0.04,-0.02,OK!
2457.00,2224.00,2365.00,2479.00,-4.95,3.01,8.14,8.14,3.01,-4.95,-0.03,-0.04,-0.02,OK!
2474.00,2237.00,2383.00,2474.00,-5.01,2.97,8.29,8.29,2.97,-5.01,-0.04,-0.04,-0.02,OK!
2448.00,2227.00,2374.00,2493.00,-4.99,2.99,8.19,8.19,2.99,-4.99,-0.03,-0.04,-0.02,OK!
2464.00,2233.00,2359.00,2483.00,-5.06,3.00,8.26,8.26,3.00,-5.06,-0.03,-0.04,-0.02,OK!
2461.00,2229.00,2384.00,2494.00,-5.01,3.02,8.21,8.21,3.02,-5.01,-0.04,-0.04,-0.02,OK!
2468.00,2236.00,2361.00,2477.00,-5.00,2.92,8.16,8.16,2.92,-5.00,-0.04,-0.05,-0.02,OK!
2458.00,2254.00,2387.00,2480.00,-5.04,3.00,8.13,8.13,3.00,-5.04,-0.03,-0.04,-0.02,OK!
2483.00,2239.00,2372.00,2480.00,-4.98,3.01,8.21,8.21,3.01,-4.98,-0.04,-0.04,-0.02,OK!
2471.00,2238.00,2373.00,2487.00,-5.02,2.99,8.21,8.21,2.99,-5.02,-0.03,-0.04,-0.02,OK!
2468.00,2229.00,2377.00,2497.00,-4.97,2.98,8.13,8.13,2.98,-4.97,-0.04,-0.04,-0.02,OK!
2471.00,2251.00,2388.00,2453.00,-5.00,2.98,8.21,8.21,2.98,-5.00,-0.04,-0.04,-0.02,OK!
2470.00,2240.00,2358.00,2489.00,-4.98,2.96,8.22,8.22,2.96,-4.98,-0.03,-0.04,-0.02,OK!
2447.00,2224.00,2375.00,2480.00,-4.98,2.95,8.21,8.21,2.95,-4.98,-0.04,-0.04,-0.02,OK!
2465.00,2231.00,2393.00,2489.00,-5.04,3.04,8.12,8.12,3.04,-5.04,-0.04,-0.04,-0.02,OK!
2455.00,2254.00,2358.00,2511.00,-5.05,3.04,8.22,8.22,3.04,-5.05,-0.03,-0.04,-0.02,OK!
2482.00,2220.00,2352.00,2430.00,-5.00,3.00,8.21,8.21,3.00,-5.00,-0.03,-0.04,-0.02,OK!
2465.00,2228.00,2384.00,2480.00,-5.01,3.02,8.27,8.27,3.02,-5.01,-0.03,-0.04,-0.02,OK!
2461.00,2236.00,2377.00,2466.00,-5.01,3.00,8.21,8.21,3.00,-5.01,-0.04,-0.04,-0.02,OK!
2455.00,2241.00,2371.00,2493.00,-4.99,2.97,8.16,8.16,2.97,-4.99,-0.03,-0.04,-0.02,OK!
2466.00,2242.00,2371.00,2470.00,-4.99,2.97,8.28,8.28,2.97,-4.99,-0.03,-0.04,-0.02,OK!
2448.00,2239.00,2362.00,2486.00,-4.97,3.02,8.20,8.20,3.02,-4.97,-0.03,-0.04,-0.02,OK!
2448.00,2227.00,2374.00,2475.00,-5.03,3.05,8.30,8.30,3.05,-5.03,-0.04,-0.04,-0.02,OK!
2463.00,2236.00,2368.00,2462.00,-5.02,3.00,8.28,8.28,3.00,-5.02,-0.03,-0.04,-0.02,OK!
2435.00,2238.00,2383.00,2449.00,-5.01,2.99,8.23,8.23,2.99,-5.01,-0.04,-0.05,-0.02,OK!
2463.00,2240.00,2369.00,2485.00,-4.96,2.98,8.19,8.19,2.98,-4.96,-0.03,-0.04,-0.02,OK!
2466.00,2238.00,2368.00,2471.00,-4.99,2.94,8.26,8.26,2.94,-4.99,-0.03,-0.04,-0.02,OK!
2467.00,2242.00,2371.00,2479.00,-5.06,3.00,8.23,8.23,3.00,-5.06,-0.03,-0.04,-0.02,OK!
2463.00,2251.00,2386.00,2477.00,-4.98,3.00,8.14,8.14,3.00,-4.98,-0.04,-0.04,-0.02,OK!
2448.00,2237.00,2366.00,2471.00,-4.93,2.99,8.20,8.20,2.99,-4.93,-0.03,-0.04,-0.02,OK!
2469.00,2231.00,2362.00,2450.00,-5.02,3.00,8.23,8.23,3.00,-5.02,-0.04,-0.04,-0.02,OK!
2471.00,2241.00,2367.00,2461.00,-4.98,3.02,8.16,8.16,3.02,-4.98,-0.04,-0.04,-0.02,OK!
2471.00,2222.00,2378.00,2480.00,-5.01,2.98,8.19,8.19,2.98,-5.01,-0.04,-0.04,-0.02,OK!
2459.00,2243.00,2368.00,2522.00,-5.00,2.98,8.22,8.22,2.98,-5.00,-0.03,-0.05,-0.02,OK!
2498.00,2235.00,2362.00,2468.00,-4.94,3.05,8.15,8.15,3.05,-4.94,-0.03,-0.04,-0.02,OK!
2463.00,2252.00,2366.00,2491.00,-4.99,3.03,8.18,8.18,3.03,-4.99,-0.04,-0.04,-0.02,OK!
2471.00,2239.00,2367.00,2480.00,-5.02,3.03,8.25,8.25,3.03,-5.02,-0.03,-0.04,-0.02,OK!
2449.00,2247.00,2360.00,2463.00,-5.00,3.04,8.09,8.09,3.04,-5.00,-0.04,-0.05,-0.01,OK!
2455.00,2241.00,2366.00,2479.00,-5.07,3.06,8.16,8.16,3.06,-5.07,-0.03,-0.04,-0.02,OK!
2455.00,2255.00,2357.00,2483.00,-4.98,3.01,8.23,8.23,3.01,-4.98,-0.04,-0.04,-0.02,OK!
2461.00,2247.00,2347.00,2494.00,-4.98,2.96,8.16,8.16,2.96,-4.98,-0.03,-0.04,-0.02,OK!
2451.00,2256.00,2369.00,2481.00,-4.95,2.97,8.21,8.21,2.97,-4.95,-0.04,-0.04,-0.02,OK!
2453.00,2255.00,2369.00,2483.00,-5.01,3.03,8.18,8.18,3.03,-5.01,-0.03,-0.04,-0.02,OK!
2471.00,2242.00,2384.00,2483.00,-4.94,2.96,8.24,8.24,2.96,-4.94,-0.04,-0.04,-0.02,OK!
2453.00,2238.00,2352.00,2494.00,-4.99,3.07,8.13,8.13,3.07,-4.99,-0.04,-0.04,-0.02,OK!
2458.00,2241.00,2339.00,2482.00,-4.99,3.04,8.19,8.19,3.04,-4.99,-0.03,-0.04,-0.02,OK!
2445.00,2245.00,2370.00,2474.00,-5.04,2.99,8.14,8.14,2.99,-5.04,-0.03,-0.04,-0.02,OK!
2467.00,2232.00,2368.00,2462.00,-5.00,2.95,8.21,8.21,2.95,-5.00,-0.04,-0.04,-0.02,OK!
2461.00,2238.00,2378.00,2474.00,-4.99,3.00,8.11,8.11,3.00,-4.99,-0.04,-0.04,-0.02,OK!
2454.00,2235.00,2363.00,2478.00,-5.02,2.96,8.14,8.14,2.96,-5.02,-0.04,-0.04,-0.01,OK!
2457.00,2256.00,2379.00,2506.00,-5.02,2.97,8.13,8.13,2.97,-5.02,-0.03,-0.04,-0.02,OK!
2465.00,2256.00,2390.00,2462.00,-4.98,3.00,8.24,8.24,3.00,-4.98,-0.04,-0.04,-0.02,OK!
2463.00,2241.00,2362.00,2477.00,-5.00,3.00,8.23,8.23,3.00,-5.00,-0.04,-0.04,-0.02,OK!
2458.00,2240.00,2382.00,2478.00,-4.99,3.01,8.19,8.19,3.01,-4.99,-0.04,-0.05,-0.02,OK!
2462.00,2249.00,2366.00,2479.00,-4.98,3.00,8.22,8.22,3.00,-4.98,-0.04,-0.04,-0.02,OK!
2475.00,2241.00,2378.00,2480.00,-4.97,3.03,8.25,8.25,3.03,-4.97,-0.04,-0.04,-0.02,OK!
2466.00,2238.00,2365.00,2481.00,-5.01,3.01,8.23,8.23,3.01,-5.01,-0.04,-0.04,-0.02,OK!
2467.00,2229.00,2388.00,2480.00,-4.95,3.03,8.20,8.20,3.03,-4.95,-0.04,-0.04,-0.02,OK!
2483.00,2230.00,2363.00,2485.00,-4.98,3.02,8.10,8.10,3.02,-4.98,-0.04,-0.04,-0.02,OK!
2497.00,2235.00,2363.00,2461.00,-5.03,2.98,8.19,8.19,2.98,-5.03,-0.03,-0.04,-0.02,OK!
2448.00,2235.00,2384.00,2480.00,-5.03,3.02,8.22,8.22,3.02,-5.03,-0.04,-0.04,-0.02,OK!
2458.00,2242.00,2352.00,2470.00,-4.99,3.05,8.13,8.13,3.05,-4.99,-0.03,-0.04,-0.02,OK!
2465.00,2249.00,2386.00,2474.00,-4.98,2.98,8.20,8.20,2.98,-4.98,-0.04,-0.04,-0.02,OK!
2471.00,2228.00,2375.00,2529.00,-4.99,3.07,8.24,8.24,3.07,-4.99,-0.03,-0.04,-0.02,OK!
2467.00,2240.00,2379.00,2462.00,-5.02,2.99,8.22,8.22,2.99,-5.02,-0.03,-0.04,-0.02,OK!
2464.00,2240.00,2368.00,2483.00,-5.05,3.02,8.16,8.16,3.02,-5.05,-0.03,-0.04,-0.02,OK!
2461.00,2243.00,2368.00,2482.00,-4.96,2.96,8.19,8.19,2.96,-4.96,-0.04,-0.04,-0.02,OK!
2486.00,2243.00,2366.00,2471.00,-4.94,2.98,8.20,8.20,2.98,-4.94,-0.03,-0.04,-0.02,OK!
2458.00,2245.00,2379.00,2475.00,-5.07,3.03,8.16,8.16,3.03,-5.07,-0.03,-0.04,-0.02,OK!
2483.00,2251.00,2381.00,2480.00,-5.00,3.05,8.12,8.12,3.05,-5.00,-0.04,-0.04,-0.02,OK!
2459.00,2237.00,2373.00,2484.00,-4.98,3.06,8.16,8.16,3.06,-4.98,-0.04,-0.04,-0.02,OK!
2463.00,2245.00,2367.00,2448.00,-4.99,3.01,8.17,8.17,3.01,-4.99,-0.04,-0.04,-0.02,OK!
2450.00,2250.00,2374.00,2480.00,-4.99,2.97,8.15,8.15,2.97,-4.99,-0.03,-0.04,-0.02,OK!
2479.00,2245.00,2367.00,2490.00,-4.99,3.06,8.19,8.19,3.06,-4.99,-0.03,-0.04,-0.02,OK!
2467.00,2249.00,2368.00,2480.00,-4.95,2.96,8.17,8.17,2.96,-4.95,-0.03,-0.04,-0.02,OK!
2478.00,2252.00,2369.00,2473.00,-5.01,2.94,8.09,8.09,2.94,-5.01,-0.03,-0.04,-0.02,OK!
2461.00,2237.00,2357.00,2485.00,-5.07,2.97,8.16,8.16,2.97,-5.07,-0.03,-0.04,-0.03,OK!
2473.00,2240.00,2365.00,2485.00,-5.04,3.01,8.16,8.16,3.01,-5.04,-0.03,-0.04,-0.02,OK!
2453.00,2251.00,2365.00,2476.00,-5.05,3.01,8.19,8.19,3.01,-5.05,-0.04,-0.04,-0.02,OK!
2435.00,2240.00,2363.00,2480.00,-5.02,3.04,8.16,8.16,3.04,-5.02,-0.03,-0.04,-0.02,OK!
2485.00,2235.00,2368.00,2477.00,-5.08,3.02,8.21,8.21,3.02,-5.08,-0.04,-0.04,-0.02,OK!
2443.00,2240.00,2374.00,2477.00,-5.01,3.02,8.21,8.21,3.02,-5.01,-0.04,-0.04,-0.02,OK!
2454.00,2246.00,2369.00,2484.00,-5.06,2.99,8.17,8.17,2.99,-5.06,-0.03,-0.04,-0.02,OK!
2448.00,2231.00,2348.00,2487.00,-5.03,3.00,8.18,8.18,3.00,-5.03,-0.03,-0.04,-0.02,OK!
2480.00,2267.00,2371.00,2462.00,-5.00,3.04,8.13,8.13,3.04,-5.00,-0.04,-0.04,-0.02,OK!
2462.00,2249.00,2374.00,2478.00,-5.01,3.02,8.14,8.14,3.02,-5.01,-0.04,-0.04,-0.02,OK!
2470.00,2229.00,2365.00,2474.00,-4.98,3.05,8.16,8.16,3.05,-4.98,-0.03,-0.04,-0.02,OK!
2479.00,2249.00,2373.00,2479.00,-5.06,3.05,8.20,8.20,3.05,-5.06,-0.03,-0.04,-0.02,OK!
2463.00,2244.00,2367.00,2481.00,-5.00,3.03,8.09,8.09,3.03,-5.00,-0.03,-0.04,-0.02,OK!
2477.00,2235.00,2384.00,2471.00,-4.96,3.06,8.14,8.14,3.06,-4.96,-0.04,-0.04,-0.02,OK!
2461.00,2252.00,2363.00,2495.00,-4.99,3.02,8.14,8.14,3.02,-4.99,-0.03,-0.04,-0.02,OK!
2476.00,2242.00,2383.00,2474.00,-4.97,3.09,8.18,8.18,3.09,-4.97,-0.04,-0.04,-0.02,OK!
2454.00,2258.00,2355.00,2488.00,-4.98,3.07,8.12,8.12,3.07,-4.98,-0.03,-0.04,-0.02,OK!
2455.00,2235.00,2379.00,2483.00,-5.04,3.07,8.20,8.20,3.07,-5.04,-0.03,-0.04,-0.03,OK!
2464.00,2211.00,2375.00,2468.00,-4.94,3.09,8.12,8.12,3.09,-4.94,-0.04,-0.04,-0.02,OK!
2449.00,2257.00,2369.00,2486.00,-5.03,3.04,8.12,8.12,3.04,-5.03,-0.04,-0.04,-0.02,OK!
2476.00,2250.00,2370.00,2476.00,-4.96,3.03,8.24,8.24,3.03,-4.96,-0.03,-0.04,-0.02,OK!
2467.00,2247.00,2367.00,2480.00,-5.00,3.09,8.15,8.15,3.09,-5.00,-0.03,-0.04,-0.02,OK!
2469.00,2247.00,2358.00,2481.00,-4.92,3.15,8.17,8.17,3.15,-4.92,-0.04,-0.04,-0.02,OK!
2459.00,2213.00,2368.00,2491.00,-4.98,3.08,8.16,8.16,3.08,-4.98,-0.04,-0.04,-0.02,OK!
2475.00,2254.00,2370.00,2514.00,-4.98,3.09,8.18,8.18,3.09,-4.98,-0.03,-0.04,-0.02,OK!
2446.00,2239.00,2366.00,2448.00,-4.99,3.13,8.15,8.15,3.13,-4.99,-0.03,-0.04,-0.02,OK!
2448.00,2253.00,2369.00,2479.00,-4.94,3.06,8.13,8.13,3.06,-4.94,-0.03,-0.04,-0.02,OK!
2462.00,2256.00,2370.00,2480.00,-4.99,3.09,8.06,8.06,3.09,-4.99,-0.03,-0.04,-0.02,OK!
2451.00,2235.00,2366.00,2467.00,-5.02,3.06,8.14,8.14,3.06,-5.02,-0.04,-0.04,-0.02,OK!
2479.00,2242.00,2362.00,2510.00,-4.97,3.10,8.19,8.19,3.10,-4.97,-0.04,-0.04,-0.02,OK!
2471.00,2219.00,2362.00,2482.00,-4.97,3.14,8.28,8.28,3.14,-4.97,-0.04,-0.04,-0.02,OK!
2453.00,2242.00,2363.00,2485.00,-4.93,3.06,8.22,8.22,3.06,-4.93,-0.03,-0.04,-0.02,OK!
2448.00,2228.00,2367.00,2487.00,-5.02,3.04,8.09,8.09,3.04,-5.02,-0.04,-0.04,-0.02,OK!
2474.00,2235.00,2368.00,2511.00,-4.98,3.08,8.28,8.28,3.08,-4.98,-0.04,-0.05,-0.02,OK!
2465.00,2254.00,2357.00,2451.00,-5.05,3.09,8.21,8.21,3.09,-5.05,-0.03,-0.04,-0.02,OK!
2464.00,2257.00,2371.00,2481.00,-4.97,3.09,8.12,8.12,3.09,-4.97,-0.04,-0.04,-0.02,OK!
2463.00,2245.00,2384.00,2487.00,-4.98,3.09,8.29,8.29,3.09,-4.98,-0.03,-0.04,-0.02,OK!
2468.00,2238.00,2368.00,2499.00,-4.96,3.10,8.24,8.24,3.10,-4.96,-0.03,-0.04,-0.02,OK!
2466.00,2256.00,2374.00,2457.00,-4.97,3.06,8.12,8.12,3.06,-4.97,-0.03,-0.05,-0.03,OK!
2463.00,2243.00,2368.00,2480.00,-4.97,3.13,8.21,8.21,3.13,-4.97,-0.03,-0.04,-0.02,OK!
2479.00,2250.00,2371.00,2466.00,-4.94,3.16,8.20,8.20,3.16,-4.94,-0.03,-0.05,-0.02,OK!
2457.00,2242.00,2362.00,2495.00,-4.92,3.12,8.12,8.12,3.12,-4.92,-0.04,-0.04,-0.02,OK!
2449.00,2249.00,2368.00,2485.00,-4.93,3.12,8.14,8.14,3.12,-4.93,-0.04,-0.04,-0.02,OK!
2462.00,2241.00,2361.00,2473.00,-5.00,3.12,8.18,8.18,3.12,-5.00,-0.03,-0.04,-0.02,OK!
2462.00,2240.00,2366.00,2455.00,-5.01,3.14,8.13,8.13,3.14,-5.01,-0.04,-0.04,-0.02,OK!
2469.00,2269.00,2370.00,2480.00,-4.98,3.13,8.19,8.19,3.13,-4.98,-0.03,-0.04,-0.02,OK!
2452.00,2231.00,2361.00,2491.00,-4.91,3.12,8.14,8.14,3.12,-4.91,-0.03,-0.05,-0.02,OK!
2463.00,2237.00,2377.00,2483.00,-4.93,3.11,8.11,8.11,3.11,-4.93,-0.03,-0.04,-0.02,OK!
2451.00,2209.00,2369.00,2466.00,-4.99,3.17,8.22,8.22,3.17,-4.99,-0.04,-0.04,-0.02,OK!
2473.00,2233.00,2373.00,2486.00,-4.97,3.11,8.13,8.13,3.11,-4.97,-0.04,-0.04,-0.02,OK!
2469.00,2250.00,2384.00,2506.00,-4.91,3.13,8.17,8.17,3.13,-4.91,-0.03,-0.04,-0.02,OK!
2483.00,2250.00,2361.00,2491.00,-4.97,3.10,8.20,8.20,3.10,-4.97,-0.03,-0.04,-0.02,OK!
2483.00,2224.00,2367.00,2487.00,-4.96,3.17,8.16,8.16,3.17,-4.96,-0.03,-0.04,-0.02,OK!
2459.00,2235.00,2377.00,2475.00,-4.91,3.14,8.16,8.16,3.14,-4.91,-0.03,-0.04,-0.01,OK!
2453.00,2236.00,2369.00,2493.00,-4.95,3.17,8.13,8.13,3.17,-4.95,-0.03,-0.04,-0.01,OK!
2469.00,2247.00,2352.00,2477.00,-4.93,3.16,8.03,8.03,3.16,-4.93,-0.04,-0.04,-0.02,OK!
2445.00,2243.00,2362.00,2471.00,-4.98,3.16,8.27,8.27,3.16,-4.98,-0.03,-0.04,-0.02,OK!
2465.00,2247.00,2380.00,2494.00,-4.98,3.19,8.14,8.14,3.19,-4.98,-0.03,-0.04,-0.02,OK!
2455.00,2240.00,2370.00,2505.00,-5.03,3.18,8.22,8.22,3.18,-5.03,-0.04,-0.05,-0.02,OK!
2468.00,2245.00,2373.00,2479.00,-4.96,3.17,8.17,8.17,3.17,-4.96,-0.04,-0.04,-0.02,OK!
2478.00,2251.00,2372.00,2496.00,-4.99,3.18,8.18,8.18,3.18,-4.99,-0.03,-0.04,-0.02,OK!
2465.00,2247.00,2368.00,2530.00,-4.98,3.21,8.03,8.03,3.21,-4.98,-0.03,-0.04,-0.02,OK!
2461.00,2236.00,2372.00,2479.00,-4.96,3.16,8.26,8.26,3.16,-4.96,-0.03,-0.05,-0.02,OK!
2466.00,2243.00,2370.00,2477.00,-4.95,3.17,8.20,8.20,3.17,-4.95,-0.03,-0.04,-0.02,OK!
2490.00,2232.00,2401.00,2494.00,-4.93,3.20,8.16,8.16,3.20,-4.93,-0.03,-0.04,-0.02,OK!
2473.00,2240.00,2374.00,2474.00,-4.95,3.18,8.09,8.09,3.18,-4.95,-0.03,-0.05,-0.02,OK!
2457.00,2247.00,2368.00,2481.00,-4.92,3.22,8.20,8.20,3.22,-4.92,-0.04,-0.05,-0.02,OK!
2475.00,2240.00,2369.00,2480.00,-4.92,3.18,8.18,8.18,3.18,-4.92,-0.03,-0.04,-0.02,OK!
2467.00,2240.00,2358.00,2482.00,-4.93,3.15,8.19,8.19,3.15,-4.93,-0.03,-0.04,-0.02,OK!
2463.00,2230.00,2371.00,2487.00,-4.95,3.17,8.22,8.22,3.17,-4.95,-0.03,-0.04,-0.02,OK!
2475.00,2247.00,2384.00,2480.00,-4.98,3.14,8.13,8.13,3.14,-4.98,-0.04,-0.04,-0.02,OK!
2469.00,2228.00,2353.00,2480.00,-4.92,3.16,8.22,8.22,3.16,-4.92,-0.03,-0.04,-0.02,OK!
2465.00,2238.00,2371.00,2464.00,-5.01,3.22,8.14,8.14,3.22,-5.01,-0.04,-0.04,-0.02,OK!
2460.00,2245.00,2368.00,2477.00,-4.96,3.19,8.08,8.08,3.19,-4.96,-0.03,-0.04,-0.03,OK!
2473.00,2224.00,2366.00,2478.00,-4.98,3.23,8.21,8.21,3.23,-4.98,-0.03,-0.04,-0.02,OK!
2464.00,2231.00,2384.00,2494.00,-4.91,3.16,8.14,8.14,3.16,-4.91,-0.03,-0.04,-0.02,OK!
2480.00,2239.00,2366.00,2493.00,-4.90,3.18,8.17,8.17,3.18,-4.90,-0.03,-0.04,-0.02,OK!
2473.00,2239.00,2381.00,2464.00,-4.91,3.18,8.12,8.12,3.18,-4.91,-0.04,-0.04,-0.02,OK!
2471.00,2233.00,2375.00,2485.00,-4.96,3.19,8.18,8.18,3.19,-4.96,-0.03,-0.04,-0.02,OK!
2470.00,2254.00,2377.00,2478.00,-4.93,3.18,8.09,8.09,3.18,-4.93,-0.03,-0.05,-0.02,OK!
2461.00,2240.00,2366.00,2463.00,-4.95,3.23,8.15,8.15,3.23,-4.95,-0.03,-0.04,-0.02,OK!
2478.00,2235.00,2399.00,2497.00,-4.94,3.18,8.14,8.14,3.18,-4.94,-0.03,-0.05,-0.02,OK!
2464.00,2239.00,2363.00,2483.00,-4.94,3.16,8.16,8.16,3.16,-4.94,-0.04,-0.04,-0.02,OK!
2443.00,2231.00,2368.00,2493.00,-4.93,3.18,8.16,8.16,3.18,-4.93,-0.03,-0.04,-0.02,OK!
2471.00,2239.00,2368.00,2483.00,-4.91,3.19,8.11,8.11,3.19,-4.91,-0.04,-0.04,-0.02,OK!
2477.00,2269.00,2361.00,2478.00,-4.94,3.17,8.19,8.19,3.17,-4.94,-0.03,-0.04,-0.02,OK!
2464.00,2230.00,2378.00,2480.00,-4.97,3.23,8.19,8.19,3.23,-4.97,-0.03,-0.04,-0.02,OK!
2441.00,2241.00,2368.00,2501.00,-4.97,3.19,8.17,8.17,3.19,-4.97,-0.03,-0.05,-0.02,OK!
2455.00,2226.00,2364.00,2463.00,-4.95,3.18,8.19,8.19,3.18,-4.95,-0.03,-0.04,-0.02,OK!
2480.00,2235.00,2371.00,2480.00,-5.03,3.28,8.24,8.24,3.28,-5.03,-0.04,-0.05,-0.02,OK!
2460.00,2249.00,2356.00,2480.00,-4.90,3.21,8.15,8.15,3.21,-4.90,-0.04,-0.05,-0.02,OK!
2442.00,2245.00,2375.00,2482.00,-4.91,3.23,8.15,8.15,3.23,-4.91,-0.04,-0.04,-0.02,OK!
2461.00,2237.00,2364.00,2479.00,-4.87,3.19,8.12,8.12,3.19,-4.87,-0.03,-0.04,-0.02,OK!
2468.00,2270.00,2365.00,2477.00,-4.94,3.17,8.20,8.20,3.17,-4.94,-0.03,-0.04,-0.02,OK!
2455.00,2242.00,2352.00,2492.00,-4.88,3.28,8.14,8.14,3.28,-4.88,-0.03,-0.05,-0.02,OK!
2464.00,2244.00,2371.00,2507.00,-4.87,3.22,8.22,8.22,3.22,-4.87,-0.04,-0.05,-0.02,OK!
2464.00,2243.00,2352.00,2481.00,-4.91,3.25,8.17,8.17,3.25,-4.91,-0.04,-0.04,-0.02,OK!
2449.00,2253.00,2372.00,2472.00,-4.89,3.19,8.18,8.18,3.19,-4.89,-0.04,-0.04,-0.02,OK!
2475.00,2246.00,2355.00,2465.00,-4.91,3.26,8.18,8.18,3.26,-4.91,-0.03,-0.04,-0.02,OK!
2461.00,2241.00,2368.00,2471.00,-4.97,3.25,8.23,8.23,3.25,-4.97,-0.03,-0.04,-0.02,OK!
2462.00,2246.00,2372.00,2478.00,-4.92,3.21,8.21,8.21,3.21,-4.92,-0.04,-0.04,-0.02,OK!
2471.00,2235.00,2349.00,2475.00,-4.87,3.20,8.18,8.18,3.20,-4.87,-0.04,-0.04,-0.02,OK!
2461.00,2244.00,2366.00,2482.00,-4.90,3.16,8.14,8.14,3.16,-4.90,-0.04,-0.05,-0.03,OK!
2454.00,2259.00,2384.00,2496.00,-4.87,3.28,8.18,8.18,3.28,-4.87,-0.03,-0.04,-0.03,OK!
2461.00,2246.00,2379.00,2471.00,-4.87,3.21,8.19,8.19,3.21,-4.87,-0.03,-0.04,-0.02,OK!
2465.00,2245.00,2368.00,2458.00,-4.88,3.22,8.14,8.14,3.22,-4.88,-0.04,-0.04,-0.02,OK!
2465.00,2240.00,2370.00,2470.00,-4.89,3.25,8.06,8.06,3.25,-4.89,-0.03,-0.04,-0.02,OK!
2455.00,2245.00,2368.00,2471.00,-4.79,3.22,8.16,8.16,3.22,-4.79,-0.03,-0.04,-0.02,OK!
2464.00,2247.00,2366.00,2480.00,-4.87,3.30,8.16,8.16,3.30,-4.87,-0.03,-0.05,-0.01,OK!
2450.00,2231.00,2363.00,2448.00,-4.78,3.32,8.20,8.20,3.32,-4.78,-0.03,-0.04,-0.02,OK!
2466.00,2249.00,2370.00,2462.00,-4.92,3.30,8.07,8.07,3.30,-4.92,-0.04,-0.04,-0.02,OK!
2463.00,2246.00,2367.00,2471.00,-4.86,3.26,8.24,8.24,3.26,-4.86,-0.03,-0.04,-0.02,OK!
2477.00,2224.00,2362.00,2455.00,-4.81,3.29,8.23,8.23,3.29,-4.81,-0.04,-0.04,-0.02,OK!
2473.00,2230.00,2377.00,2466.00,-4.84,3.30,8.19,8.19,3.30,-4.84,-0.03,-0.04,-0.02,OK!
2467.00,2230.00,2373.00,2435.00,-4.86,3.26,8.23,8.23,3.26,-4.86,-0.03,-0.04,-0.02,OK!
2464.00,2246.00,2372.00,2490.00,-4.85,3.29,8.20,8.20,3.29,-4.85,-0.04,-0.04,-0.02,OK!
2468.00,2242.00,2368.00,2501.00,-4.76,3.33,8.21,8.21,3.33,-4.76,-0.03,-0.04,-0.02,OK!
2465.00,2243.00,2368.00,2481.00,-4.82,3.26,8.19,8.19,3.26,-4.82,-0.03,-0.05,-0.02,OK!
2476.00,2256.00,2342.00,2473.00,-4.78,3.26,8.21,8.21,3.26,-4.78,-0.03,-0.04,-0.02,OK!
2469.00,2246.00,2366.00,2491.00,-4.81,3.29,8.21,8.21,3.29,-4.81,-0.03,-0.05,-0.02,OK!
2485.00,2226.00,2379.00,2487.00,-4.81,3.31,8.16,8.16,3.31,-4.81,-0.03,-0.04,-0.02,OK!
2449.00,2238.00,2385.00,2499.00,-4.78,3.35,8.24,8.24,3.35,-4.78,-0.04,-0.05,-0.02,OK!
2453.00,2245.00,2373.00,2471.00,-4.77,3.28,8.30,8.30,3.28,-4.77,-0.03,-0.05,-0.02,OK!
2462.00,2244.00,2377.00,2463.00,-4.74,3.29,8.22,8.22,3.29,-4.74,-0.03,-0.04,-0.02,OK!
2477.00,2243.00,2380.00,2475.00,-4.81,3.30,8.08,8.08,3.30,-4.81,-0.04,-0.04,-0.02,OK!
2470.00,2232.00,2371.00,2477.00,-4.76,3.33,8.25,8.25,3.33,-4.76,-0.03,-0.04,-0.02,OK!
2471.00,2245.00,2373.00,2493.00,-4.77,3.34,8.19,8.19,3.34,-4.77,-0.04,-0.04,-0.02,OK!
2445.00,2237.00,2374.00,2487.00,-4.78,3.26,8.18,8.18,3.26,-4.78,-0.04,-0.04,-0.02,OK!
2482.00,2245.00,2381.00,2474.00,-4.79,3.36,8.28,8.28,3.36,-4.79,-0.04,-0.04,-0.02,OK!
2496.00,2253.00,2365.00,2449.00,-4.80,3.32,8.24,8.24,3.32,-4.80,-0.04,-0.04,-0.02,OK!
2467.00,2243.00,2384.00,2480.00,-4.84,3.41,8.26,8.26,3.41,-4.84,-0.04,-0.04,-0.02,OK!
2475.00,2226.00,2373.00,2482.00,-4.83,3.31,8.22,8.22,3.31,-4.83,-0.03,-0.04,-0.02,OK!
2458.00,2235.00,2369.00,2482.00,-4.76,3.36,8.21,8.21,3.36,-4.76,-0.04,-0.04,-0.02,OK!
2458.00,2234.00,2379.00,2483.00,-4.78,3.33,8.23,8.23,3.33,-4.78,-0.04,-0.04,-0.02,OK!
2462.00,2251.00,2371.00,2468.00,-4.77,3.31,8.19,8.19,3.31,-4.77,-0.03,-0.04,-0.02,OK!
2475.00,2233.00,2370.00,2474.00,-4.80,3.38,8.26,8.26,3.38,-4.80,-0.03,-0.04,-0.02,OK!
2462.00,2227.00,2369.00,2475.00,-4.75,3.32,8.19,8.19,3.32,-4.75,-0.03,-0.04,-0.02,OK!
2463.00,2240.00,2366.00,2476.00,-4.76,3.33,8.21,8.21,3.33,-4.76,-0.04,-0.04,-0.02,OK!
2462.00,2230.00,2374.00,2479.00,-4.81,3.29,8.18,8.18,3.29,-4.81,-0.03,-0.04,-0.02,OK!
2467.00,2224.00,2375.00,2466.00,-4.78,3.36,8.20,8.20,3.36,-4.78,-0.04,-0.04,-0.02,OK!
2454.00,2242.00,2391.00,2483.00,-4.83,3.30,8.20,8.20,3.30,-4.83,-0.04,-0.04,-0.02,OK!
2449.00,2242.00,2361.00,2519.00,-4.78,3.27,8.21,8.21,3.27,-4.78,-0.04,-0.04,-0.02,OK!
2458.00,2236.00,2368.00,2479.00,-4.74,3.35,8.28,8.28,3.35,-4.74,-0.03,-0.04,-0.02,OK!
2464.00,2257.00,2366.00,2469.00,-4.74,3.32,8.15,8.15,3.32,-4.74,-0.04,-0.04,-0.02,OK!
2461.00,2240.00,2371.00,2476.00,-4.80,3.35,8.18,8.18,3.35,-4.80,-0.04,-0.05,-0.02,OK!
2448.00,2235.00,2367.00,2490.00,-4.77,3.33,8.23,8.23,3.33,-4.77,-0.04,-0.05,-0.02,OK!
2480.00,2231.00,2375.00,2485.00,-4.73,3.30,8.22,8.22,3.30,-4.73,-0.03,-0.04,-0.02,OK!
2474.00,2245.00,2357.00,2485.00,-4.80,3.35,8.25,8.25,3.35,-4.80,-0.03,-0.04,-0.02,OK!
2476.00,2253.00,2380.00,2482.00,-4.76,3.33,8.15,8.15,3.33,-4.76,-0.03,-0.05,-0.02,OK!
2463.00,2254.00,2382.00,2492.00,-4.80,3.34,8.23,8.23,3.34,-4.80,-0.03,-0.04,-0.02,OK!
2462.00,2235.00,2369.00,2470.00,-4.81,3.31,8.20,8.20,3.31,-4.81,-0.04,-0.04,-0.02,OK!
2471.00,2240.00,2368.00,2491.00,-4.79,3.35,8.21,8.21,3.35,-4.79,-0.04,-0.04,-0.02,OK!
2458.00,2240.00,2353.00,2485.00,-4.70,3.36,8.24,8.24,3.36,-4.70,-0.04,-0.04,-0.02,OK!
2468.00,2217.00,2368.00,2464.00,-4.74,3.31,8.19,8.19,3.31,-4.74,-0.03,-0.04,-0.02,OK!
2460.00,2247.00,2362.00,2478.00,-4.83,3.33,8.24,8.24,3.33,-4.83,-0.03,-0.05,-0.02,OK!
2463.00,2256.00,2373.00,2480.00,-4.79,3.33,8.24,8.24,3.33,-4.79,-0.04,-0.04,-0.02,OK!
2457.00,2251.00,2370.00,2480.00,-4.77,3.32,8.18,8.18,3.32,-4.77,-0.03,-0.04,-0.02,OK!
2451.00,2219.00,2395.00,2499.00,-4.78,3.30,8.27,8.27,3.30,-4.78,-0.04,-0.04,-0.02,OK!
2482.00,2243.00,2369.00,2483.00,-4.78,3.30,8.20,8.20,3.30,-4.78,-0.04,-0.04,-0.03,OK!
2467.00,2229.00,2370.00,2482.00,-4.78,3.37,8.28,8.28,3.37,-4.78,-0.04,-0.04,-0.02,OK!
2463.00,2259.00,2379.00,2490.00,-4.77,3.31,8.15,8.15,3.31,-4.77,-0.03,-0.04,-0.02,OK!
2454.00,2245.00,2377.00,2467.00,-4.78,3.34,8.13,8.13,3.34,-4.78,-0.03,-0.04,-0.02,OK!
2453.00,2247.00,2362.00,2473.00,-4.79,3.37,8.17,8.17,3.37,-4.79,-0.04,-0.04,-0.02,OK!
2444.00,2240.00,2373.00,2432.00,-4.70,3.36,8.26,8.26,3.36,-4.70,-0.04,-0.04,-0.02,OK!
2437.00,2251.00,2366.00,2480.00,-4.76,3.37,8.23,8.23,3.37,-4.76,-0.04,-0.04,-0.02,OK!
2467.00,2229.00,2384.00,2470.00,-4.74,3.35,8.17,8.17,3.35,-4.74,-0.04,-0.04,-0.02,OK!
2466.00,2247.00,2357.00,2474.00,-4.78,3.35,8.15,8.15,3.35,-4.78,-0.04,-0.04,-0.02,OK!
2473.00,2254.00,2362.00,2489.00,-4.74,3.30,8.19,8.19,3.30,-4.74,-0.04,-0.04,-0.02,OK!
2473.00,2240.00,2366.00,2491.00,-4.81,3.38,8.28,8.28,3.38,-4.81,-0.03,-0.05,-0.02,OK!
2448.00,2231.00,2357.00,2480.00,-4.77,3.37,8.24,8.24,3.37,-4.77,-0.04,-0.04,-0.02,OK!
2439.00,2231.00,2381.00,2507.00,-4.75,3.32,8.20,8.20,3.32,-4.75,-0.03,-0.04,-0.02,OK!
2457.00,2258.00,2352.00,2487.00,-4.70,3.31,8.20,8.20,3.31,-4.70,-0.03,-0.04,-0.02,OK!
2479.00,2247.00,2368.00,2481.00,-4.74,3.23,8.14,8.14,3.23,-4.74,-0.04,-0.04,-0.02,OK!
2462.00,2251.00,2401.00,2483.00,-4.73,3.30,8.24,8.24,3.30,-4.73,-0.03,-0.04,-0.03,OK!
2462.00,2242.00,2368.00,2478.00,-4.83,3.32,8.24,8.24,3.32,-4.83,-0.04,-0.04,-0.02,OK!
2464.00,2257.00,2372.00,2448.00,-4.79,3.34,8.24,8.24,3.34,-4.79,-0.03,-0.04,-0.02,OK!
2447.00,2256.00,2414.00,2487.00,-4.77,3.32,8.16,8.16,3.32,-4.77,-0.03,-0.04,-0.02,OK!
2479.00,2245.00,2366.00,2475.00,-4.67,3.34,8.18,8.18,3.34,-4.67,-0.03,-0.05,-0.02,OK!
2464.00,2252.00,2368.00,2485.00,-4.63,3.36,8.20,8.20,3.36,-4.63,-0.04,-0.04,-0.02,OK!
2467.00,2257.00,2364.00,2459.00,-4.74,3.36,8.21,8.21,3.36,-4.74,-0.03,-0.04,-0.02,OK!
2450.00,2254.00,2361.00,2461.00,-4.79,3.29,8.10,8.10,3.29,-4.79,-0.04,-0.04,-0.02,OK!
2477.00,2236.00,2373.00,2471.00,-4.73,3.32,8.19,8.19,3.32,-4.73,-0.03,-0.04,-0.02,OK!
2459.00,2237.00,2365.00,2469.00,-4.73,3.32,8.19,8.19,3.32,-4.73,-0.03,-0.04,-0.02,OK!
2471.00,2252.00,2375.00,2473.00,-4.80,3.36,8.20,8.20,3.36,-4.80,-0.03,-0.05,-0.02,OK!
2479.00,2242.00,2366.00,2486.00,-4.84,3.32,8.22,8.22,3.32,-4.84,-0.04,-0.04,-0.02,OK!
2463.00,2247.00,2365.00,2473.00,-4.77,3.32,8.20,8.20,3.32,-4.77,-0.04,-0.04,-0.02,OK!
2462.00,2249.00,2372.00,2477.00,-4.75,3.30,8.29,8.29,3.30,-4.75,-0.03,-0.04,-0.02,OK!
2448.00,2234.00,2363.00,2496.00,-4.79,3.35,8.19,8.19,3.35,-4.79,-0.04,-0.04,-0.02,OK!
2464.00,2245.00,2378.00,2478.00,-4.75,3.36,8.22,8.22,3.36,-4.75,-0.03,-0.04,-0.02,OK!
2510.00,2245.00,2373.00,2458.00,-4.80,3.34,8.15,8.15,3.34,-4.80,-0.03,-0.04,-0.02,OK!
2477.00,2243.00,2383.00,2487.00,-4.73,3.30,8.30,8.30,3.30,-4.73,-0.04,-0.04,-0.02,OK!
2469.00,2234.00,2367.00,2480.00,-4.80,3.28,8.21,8.21,3.28,-4.80,-0.03,-0.05,-0.02,OK!
2448.00,2241.00,2371.00,2487.00,-4.79,3.35,8.25,8.25,3.35,-4.79,-0.03,-0.04,-0.02,OK!
2450.00,2229.00,2366.00,2482.00,-4.78,3.36,8.19,8.19,3.36,-4.78,-0.03,-0.04,-0.02,OK!
2481.00,2243.00,2390.00,2519.00,-4.74,3.34,8.19,8.19,3.34,-4.74,-0.03,-0.04,-0.02,OK!
2464.00,2237.00,2367.00,2475.00,-4.80,3.31,8.25,8.25,3.31,-4.80,-0.03,-0.04,-0.02,OK!
2448.00,2256.00,2368.00,2475.00,-4.77,3.34,8.21,8.21,3.34,-4.77,-0.03,-0.04,-0.02,OK!
2480.00,2241.00,2370.00,2448.00,-4.69,3.30,8.20,8.20,3.30,-4.69,-0.02,-0.03,-0.03,OK!
2478.00,2231.00,2364.00,2489.00,-4.75,3.34,8.21,8.21,3.34,-4.75,-0.02,-0.05,-0.02,OK!
2475.00,2239.00,2395.00,2498.00,-4.73,3.39,8.26,8.26,3.39,-4.73,-0.03,-0.05,-0.01,OK!
2465.00,2246.00,2370.00,2480.00,-4.67,3.43,8.25,8.25,3.43,-4.67,-0.04,-0.04,-0.04,OK!
2465.00,2251.00,2383.00,2487.00,-4.67,3.46,8.19,8.19,3.46,-4.67,-0.04,-0.04,-0.02,OK!
2474.00,2240.00,2385.00,2471.00,-4.68,3.44,8.16,8.16,3.44,-4.68,-0.03,-0.04,-0.02,OK!
2467.00,2244.00,2365.00,2489.00,-4.69,3.42,8.15,8.15,3.42,-4.69,-0.03,-0.04,-0.02,OK!
2457.00,2236.00,2373.00,2499.00,-4.65,3.47,8.30,8.30,3.47,-4.65,-0.03,-0.04,-0.02,OK!
2482.00,2233.00,2385.00,2480.00,-4.66,3.36,8.27,8.27,3.36,-4.66,-0.03,-0.04,-0.02,OK!
2470.00,2246.00,2368.00,2480.00,-4.63,3.44,8.26,8.26,3.44,-4.63,-0.04,-0.04,-0.02,OK!
2455.00,2237.00,2389.00,2483.00,-4.64,3.40,8.21,8.21,3.40,-4.64,-0.03,-0.04,-0.02,OK!
2460.00,2246.00,2377.00,2491.00,-4.68,3.50,8.22,8.22,3.50,-4.68,-0.04,-0.04,-0.02,OK!
2464.00,2242.00,2367.00,2477.00,-4.61,3.39,8.20,8.20,3.39,-4.61,-0.03,-0.04,-0.02,OK!
2475.00,2234.00,2359.00,2492.00,-4.70,3.39,8.21,8.21,3.39,-4.70,-0.03,-0.04,-0.02,OK!
2459.00,2243.00,2378.00,2484.00,-4.68,3.44,8.22,8.22,3.44,-4.68,-0.03,-0.04,-0.02,OK!
2460.00,2262.00,2343.00,2471.00,-4.71,3.40,8.22,8.22,3.40,-4.71,-0.03,-0.04,-0.02,OK!
2465.00,2251.00,2377.00,2475.00,-4.62,3.42,8.29,8.29,3.42,-4.62,-0.03,-0.04,-0.02,OK!
2454.00,2260.00,2366.00,2482.00,-4.68,3.40,8.18,8.18,3.40,-4.68,-0.03,-0.04,-0.02,OK!
2490.00,2234.00,2366.00,2481.00,-4.67,3.37,8.24,8.24,3.37,-4.67,-0.03,-0.04,-0.02,OK!
2470.00,2239.00,2369.00,2475.00,-4.70,3.40,8.24,8.24,3.40,-4.70,-0.04,-0.04,-0.02,OK!
2459.00,2242.00,2388.00,2497.00,-4.67,3.41,8.22,8.22,3.41,-4.67,-0.03,-0.04,-0.02,OK!
2473.00,2243.00,2379.00,2485.00,-4.69,3.45,8.24,8.24,3.45,-4.69,-0.03,-0.04,-0.02,OK!
2439.00,2231.00,2383.00,2496.00,-4.66,3.38,8.24,8.24,3.38,-4.66,-0.03,-0.04,-0.02,OK!
2470.00,2245.00,2371.00,2475.00,-4.65,3.44,8.15,8.15,3.44,-4.65,-0.03,-0.05,-0.03,OK!
2479.00,2223.00,2362.00,2483.00,-4.64,3.39,8.23,8.23,3.39,-4.64,-0.03,-0.05,-0.02,OK!
2480.00,2224.00,2381.00,2496.00,-4.71,3.45,8.20,8.20,3.45,-4.71,-0.03,-0.04,-0.02,OK!
2448.00,2250.00,2384.00,2497.00,-4.68,3.42,8.23,8.23,3.42,-4.68,-0.04,-0.04,-0.02,OK!
2467.00,2247.00,2359.00,2485.00,-4.66,3.47,8.30,8.30,3.47,-4.66,-0.03,-0.04,-0.02,OK!
2469.00,2233.00,2373.00,2477.00,-4.68,3.42,8.27,8.27,3.42,-4.68,-0.04,-0.04,-0.02,OK!
2448.00,2241.00,2364.00,2485.00,-4.63,3.46,8.18,8.18,3.46,-4.63,-0.03,-0.04,-0.02,OK!
2469.00,2243.00,2363.00,2474.00,-4.69,3.41,8.25,8.25,3.41,-4.69,-0.04,-0.04,-0.02,OK!
2477.00,2253.00,2368.00,2480.00,-4.69,3.41,8.33,8.33,3.41,-4.69,-0.04,-0.04,-0.02,OK!
2464.00,2243.00,2358.00,2492.00,-4.68,3.42,8.17,8.17,3.42,-4.68,-0.04,-0.04,-0.02,OK!
2470.00,2243.00,2369.00,2479.00,-4.66,3.34,8.28,8.28,3.34,-4.66,-0.04,-0.05,-0.02,OK!
2460.00,2251.00,2368.00,2486.00,-4.73,3.46,8.31,8.31,3.46,-4.73,-0.04,-0.04,-0.02,OK!
2465.00,2233.00,2368.00,2483.00,-4.64,3.41,8.22,8.22,3.41,-4.64,-0.03,-0.04,-0.02,OK!
2471.00,2231.00,2380.00,2480.00,-4.67,3.36,8.18,8.18,3.36,-4.67,-0.03,-0.04,-0.02,OK!
2475.00,2243.00,2359.00,2476.00,-4.65,3.45,8.28,8.28,3.45,-4.65,-0.03,-0.04,-0.02,OK!
2475.00,2254.00,2384.00,2465.00,-4.75,3.40,8.32,8.32,3.40,-4.75,-0.03,-0.04,-0.02,OK!
2467.00,2230.00,2358.00,2471.00,-4.64,3.49,8.24,8.24,3.49,-4.64,-0.04,-0.04,-0.02,OK!
2462.00,2235.00,2384.00,2489.00,-4.70,3.38,8.13,8.13,3.38,-4.70,-0.03,-0.04,-0.02,OK!
2459.00,2221.00,2374.00,2485.00,-4.68,3.45,8.24,8.24,3.45,-4.68,-0.04,-0.04,-0.02,OK!
2455.00,2257.00,2370.00,2479.00,-4.64,3.44,8.15,8.15,3.44,-4.64,-0.03,-0.04,-0.02,OK!
2449.00,2234.00,2373.00,2479.00,-4.67,3.41,8.23,8.23,3.41,-4.67,-0.03,-0.04,-0.03,OK!
2471.00,2250.00,2374.00,2485.00,-4.70,3.43,8.32,8.32,3.43,-4.70,-0.03,-0.05,-0.02,OK!
2480.00,2253.00,2365.00,2495.00,-4.66,3.39,8.19,8.19,3.39,-4.66,-0.04,-0.04,-0.03,OK!
2461.00,2249.00,2368.00,2469.00,-4.70,3.46,8.24,8.24,3.46,-4.70,-0.03,-0.04,-0.02,OK!
2465.00,2224.00,2383.00,2494.00,-4.65,3.50,8.22,8.22,3.50,-4.65,-0.03,-0.04,-0.02,OK!
2461.00,2252.00,2370.00,2480.00,-4.68,3.42,8.27,8.27,3.42,-4.68,-0.03,-0.04,-0.02,OK!
2465.00,2243.00,2377.00,2470.00,-4.69,3.44,8.14,8.14,3.44,-4.69,-0.04,-0.04,-0.02,OK!
2455.00,2254.00,2359.00,2490.00,-4.62,3.40,8.17,8.17,3.40,-4.62,-0.04,-0.04,-0.02,OK!
2455.00,2240.00,2366.00,2486.00,-4.68,3.42,8.20,8.20,3.42,-4.68,-0.04,-0.04,-0.02,OK!
2475.00,2249.00,2383.00,2482.00,-4.64,3.39,8.17,8.17,3.39,-4.64,-0.03,-0.04,-0.02,OK!
2475.00,2247.00,2353.00,2475.00,-4.64,3.42,8.31,8.31,3.42,-4.64,-0.03,-0.04,-0.02,OK!
2474.00,2251.00,2381.00,2455.00,-4.69,3.45,8.13,8.13,3.45,-4.69,-0.04,-0.04,-0.02,OK!
2471.00,2240.00,2371.00,2483.00,-4.67,3.45,8.14,8.14,3.45,-4.67,-0.04,-0.05,-0.02,OK!
2455.00,2269.00,2373.00,2507.00,-4.66,3.41,8.28,8.28,3.41,-4.66,-0.03,-0.04,-0.02,OK!
2470.00,2241.00,2387.00,2479.00,-4.63,3.44,8.20,8.20,3.44,-4.63,-0.04,-0.05,-0.02,OK!
2475.00,2239.00,2380.00,2477.00,-4.64,3.44,8.21,8.21,3.44,-4.64,-0.03,-0.04,-0.02,OK!
2449.00,2249.00,2384.00,2469.00,-4.68,3.38,8.22,8.22,3.38,-4.68,-0.03,-0.04,-0.02,OK!
2469.00,2243.00,2366.00,2467.00,-4.65,3.49,8.23,8.23,3.49,-4.65,-0.04,-0.04,-0.02,OK!
2457.00,2251.00,2352.00,2462.00,-4.71,3.46,8.24,8.24,3.46,-4.71,-0.03,-0.04,-0.02,OK!
2467.00,2245.00,2368.00,2491.00,-4.65,3.44,8.20,8.20,3.44,-4.65,-0.04,-0.04,-0.02,OK!
2462.00,2234.00,2364.00,2486.00,-4.66,3.44,8.22,8.22,3.44,-4.66,-0.03,-0.04,-0.02,OK!
2487.00,2225.00,2380.00,2479.00,-4.68,3.44,8.28,8.28,3.44,-4.68,-0.03,-0.04,-0.02,OK!
2470.00,2241.00,2375.00,2475.00,-4.73,3.42,8.15,8.15,3.42,-4.73,-0.04,-0.04,-0.02,OK!
2469.00,2237.00,2370.00,2471.00,-4.71,3.42,8.17,8.17,3.42,-4.71,-0.04,-0.04,-0.02,OK!
2470.00,2240.00,2374.00,2475.00,-4.66,3.40,8.25,8.25,3.40,-4.66,-0.04,-0.04,-0.02,OK!
2466.00,2231.00,2384.00,2439.00,-4.73,3.46,8.20,8.20,3.46,-4.73,-0.04,-0.04,-0.02,OK!
2474.00,2247.00,2381.00,2480.00,-4.68,3.48,8.15,8.15,3.48,-4.68,-0.04,-0.04,-0.02,OK!
2464.00,2235.00,2369.00,2487.00,-4.69,3.43,8.26,8.26,3.43,-4.69,-0.04,-0.04,-0.02,OK!
2463.00,2231.00,2373.00,2448.00,-4.67,3.42,8.25,8.25,3.42,-4.67,-0.04,-0.05,-0.02,OK!
2448.00,2243.00,2379.00,2474.00,-4.67,3.41,8.19,8.19,3.41,-4.67,-0.03,-0.04,-0.02,OK!
2475.00,2224.00,2373.00,2480.00,-4.62,3.42,8.18,8.18,3.42,-4.62,-0.03,-0.05,-0.02,OK!
2481.00,2231.00,2365.00,2477.00,-4.71,3.45,8.25,8.25,3.45,-4.71,-0.03,-0.04,-0.02,OK!
2474.00,2271.00,2384.00,2501.00,-4.64,3.46,8.14,8.14,3.46,-4.64,-0.04,-0.04,-0.02,OK!
2454.00,2238.00,2368.00,2470.00,-4.66,3.46,8.22,8.22,3.46,-4.66,-0.04,-0.04,-0.02,OK!
2474.00,2235.00,2370.00,2489.00,-4.69,3.46,8.22,8.22,3.46,-4.69,-0.04,-0.04,-0.03,OK!
2438.00,2245.00,2379.00,2448.00,-4.70,3.43,8.24,8.24,3.43,-4.70,-0.03,-0.04,-0.02,OK!
2458.00,2251.00,2367.00,2472.00,-4.71,3.44,8.23,8.23,3.44,-4.71,-0.04,-0.04,-0.02,OK!
2475.00,2241.00,2370.00,2497.00,-4.70,3.43,8.17,8.17,3.43,-4.70,-0.04,-0.04,-0.02,OK!
2463.00,2242.00,2357.00,2490.00,-4.68,3.43,8.14,8.14,3.43,-4.68,-0.04,-0.04,-0.02,OK!
2405.00,2256.00,2368.00,2483.00,-4.70,3.42,8.23,8.23,3.42,-4.70,-0.03,-0.04,-0.02,OK!
2464.00,2244.00,2384.00,2493.00,-4.73,3.46,8.22,8.22,3.46,-4.73,-0.04,-0.04,-0.02,OK!
2458.00,2243.00,2383.00,2483.00,-4.64,3.46,8.24,8.24,3.46,-4.64,-0.04,-0.04,-0.02,OK!
2469.00,2229.00,2384.00,2480.00,-4.68,3.43,8.23,8.23,3.43,-4.68,-0.04,-0.04,-0.02,OK!
2467.00,2239.00,2371.00,2480.00,-4.63,3.41,8.19,8.19,3.41,-4.63,-0.03,-0.04,-0.02,OK!
2479.00,2231.00,2386.00,2497.00,-4.70,3.47,8.31,8.31,3.47,-4.70,-0.04,-0.04,-0.02,OK!
2480.00,2239.00,2368.00,2471.00,-4.66,3.41,8.25,8.25,3.41,-4.66,-0.04,-0.04,-0.02,OK!
2505.00,2234.00,2375.00,2490.00,-4.66,3.45,8.17,8.17,3.45,-4.66,-0.04,-0.04,-0.02,OK!
2459.00,2224.00,2370.00,2482.00,-4.65,3.45,8.20,8.20,3.45,-4.65,-0.04,-0.04,-0.02,OK!
2464.00,2241.00,2368.00,2470.00,-4.74,3.43,8.20,8.20,3.43,-4.74,-0.03,-0.05,-0.02,OK!
2463.00,2247.00,2374.00,2480.00,-4.68,3.47,8.17,8.17,3.47,-4.68,-0.04,-0.04,-0.02,OK!
2458.00,2252.00,2356.00,2480.00,-4.66,3.44,8.27,8.27,3.44,-4.66,-0.04,-0.04,-0.02,OK!
2473.00,2246.00,2368.00,2463.00,-4.69,3.45,8.21,8.21,3.45,-4.69,-0.04,-0.04,-0.02,OK!
2435.00,2245.00,2345.00,2480.00,-4.64,3.42,8.20,8.20,3.42,-4.64,-0.03,-0.05,-0.02,OK!
2458.00,2230.00,2380.00,2481.00,-4.61,3.49,8.24,8.24,3.49,-4.61,-0.03,-0.04,-0.02,OK!
2467.00,2221.00,2373.00,2480.00,-4.64,3.39,8.20,8.20,3.39,-4.64,-0.03,-0.04,-0.02,OK!
2475.00,2235.00,2368.00,2487.00,-4.68,3.41,8.21,8.21,3.41,-4.68,-0.04,-0.04,-0.02,OK!
2471.00,2225.00,2356.00,2467.00,-4.66,3.42,8.36,8.36,3.42,-4.66,-0.03,-0.04,-0.02,OK!
2471.00,2219.00,2375.00,2480.00,-4.67,3.37,8.24,8.24,3.37,-4.67,-0.04,-0.03,-0.03,OK!
2477.00,2224.00,2357.00,2483.00,-4.58,3.49,8.16,8.16,3.49,-4.58,-0.06,-0.02,-0.03,OK!
2471.00,2251.00,2381.00,2471.00,-4.74,3.34,8.23,8.23,3.34,-4.74,-0.04,-0.03,-0.03,OK!
2453.00,2236.00,2378.00,2461.00,-4.82,3.37,8.08,8.08,3.37,-4.82,-0.04,-0.04,-0.02,OK!
2480.00,2254.00,2378.00,2471.00,-4.79,3.29,8.20,8.20,3.29,-4.79,-0.04,-0.05,-0.02,OK!
2479.00,2226.00,2371.00,2485.00,-4.83,3.31,8.23,8.23,3.31,-4.83,-0.04,-0.04,-0.02,OK!
2471.00,2256.00,2362.00,2495.00,-4.85,3.34,8.11,8.11,3.34,-4.85,-0.03,-0.04,-0.02,OK!
2478.00,2252.00,2352.00,2485.00,-4.84,3.33,8.26,8.26,3.33,-4.84,-0.03,-0.05,-0.02,OK!
2433.00,2233.00,2365.00,2483.00,-4.76,3.40,8.17,8.17,3.40,-4.76,-0.03,-0.04,-0.02,OK!
2452.00,2229.00,2349.00,2455.00,-4.81,3.36,8.12,8.12,3.36,-4.81,-0.03,-0.04,-0.02,OK!
2429.00,2222.00,2358.00,2467.00,-4.75,3.40,8.21,8.21,3.40,-4.75,-0.03,-0.05,-0.02,OK!
2459.00,2244.00,2379.00,2475.00,-4.79,3.43,8.18,8.18,3.43,-4.79,-0.03,-0.05,-0.02,OK!
2455.00,2225.00,2375.00,2485.00,-4.77,3.40,8.19,8.19,3.40,-4.77,-0.03,-0.04,-0.02,OK!
2467.00,2238.00,2378.00,2480.00,-4.71,3.40,8.20,8.20,3.40,-4.71,-0.03,-0.04,-0.01,OK!
2479.00,2242.00,2379.00,2495.00,-4.76,3.40,8.15,8.15,3.40,-4.76,-0.03,-0.05,-0.02,OK!
2454.00,2238.00,2368.00,2491.00,-4.73,3.39,8.17,8.17,3.39,-4.73,-0.04,-0.04,-0.01,OK!
2471.00,2236.00,2375.00,2498.00,-4.64,3.44,8.29,8.29,3.44,-4.64,-0.04,-0.05,-0.01,OK!
2417.00,2239.00,2372.00,2496.00,-4.72,3.46,8.29,8.29,3.46,-4.72,-0.03,-0.04,-0.01,OK!
2461.00,2240.00,2377.00,2480.00,-4.72,3.43,8.27,8.27,3.43,-4.72,-0.04,-0.04,-0.02,OK!
2461.00,2240.00,2368.00,2484.00,-4.60,3.45,8.21,8.21,3.45,-4.60,-0.03,-0.05,-0.02,OK!