thumb1,index1,middle1,pinky1,accelX1,accelY1,accelZ1,gForceX1,gForceY1,gForceZ1,gyroX1,gyroY1,gyroZ1,gesture,
2467.00,2239.00,2367.00,2481.00,-2.32,2.26,9.76,9.76,2.26,-2.32,-0.04,-0.06,-0.05,OK!
2433.00,2239.00,2368.00,2477.00,-2.34,2.29,9.74,9.74,2.29,-2.34,0.05,-0.08,0.00,OK!
2479.00,2253.00,2358.00,2478.00,-2.34,2.43,9.85,9.85,2.43,-2.34,-0.04,-0.05,-0.03,OK!
2432.00,2240.00,2363.00,2460.00,-2.22,2.46,9.77,9.77,2.46,-2.22,-0.04,-0.04,-0.02,OK!
2453.00,2265.00,2369.00,2474.00,-2.21,2.48,9.63,9.63,2.48,-2.21,-0.03,-0.05,-0.02,OK!
2475.00,2256.00,2292.00,2470.00,-2.21,2.38,9.75,9.75,2.38,-2.21,-0.03,-0.04,-0.02,OK!
2458.00,2209.00,2395.00,2490.00,-2.23,2.39,9.83,9.83,2.39,-2.23,-0.02,-0.04,-0.02,OK!
2468.00,2217.00,2366.00,2467.00,-2.13,2.37,9.82,9.82,2.37,-2.13,-0.03,-0.04,-0.02,OK!
2467.00,2239.00,2352.00,2478.00,-2.15,2.40,9.90,9.90,2.40,-2.15,-0.04,-0.04,-0.02,OK!
2464.00,2195.00,2401.00,2448.00,-2.17,2.41,9.84,9.84,2.41,-2.17,-0.03,-0.04,-0.03,OK!
2448.00,2239.00,2363.00,2480.00,-2.17,2.38,9.72,9.72,2.38,-2.17,-0.04,-0.04,-0.02,OK!
2448.00,2224.00,2347.00,2464.00,-2.16,2.40,9.78,9.78,2.40,-2.16,-0.03,-0.04,-0.01,OK!
2464.00,2254.00,2359.00,2498.00,-2.13,2.36,9.66,9.66,2.36,-2.13,-0.05,-0.06,-0.02,OK!
2448.00,2226.00,2370.00,2490.00,-2.22,2.38,9.74,9.74,2.38,-2.22,-0.03,-0.06,-0.01,OK!
2476.00,0.00,2346.00,2451.00,-1.21,6.03,8.53,8.53,6.03,-1.21,1.57,-0.23,0.63,OK!
2437.00,1776.00,2320.00,2465.00,0.94,9.76,0.54,0.54,9.76,0.94,1.30,1.11,0.33,OK!
2493.00,1578.00,2314.00,2433.00,0.92,9.86,-0.49,-0.49,9.86,0.92,0.08,0.22,-0.07,OK!
2483.00,1728.00,2343.00,2430.00,0.96,9.50,-0.57,-0.57,9.50,0.96,-0.06,-0.09,-0.02,OK!
2463.00,1810.00,2342.00,2448.00,0.87,9.66,-0.85,-0.85,9.66,0.87,-0.04,-0.01,0.00,OK!
2481.00,1797.00,2360.00,2465.00,1.02,9.64,-0.84,-0.84,9.64,1.02,-0.06,-0.02,-0.02,OK!
2468.00,1853.00,2349.00,2427.00,0.94,9.52,-0.77,-0.77,9.52,0.94,-0.03,-0.05,-0.02,OK!
2455.00,1774.00,2339.00,2416.00,0.86,9.62,-0.89,-0.89,9.62,0.86,-0.04,-0.04,-0.02,OK!
2448.00,1802.00,2318.00,2451.00,1.09,9.60,-0.45,-0.45,9.60,1.09,-0.11,-0.04,0.01,OK!
2477.00,1808.00,2345.00,2500.00,1.02,9.56,-0.90,-0.90,9.56,1.02,0.08,-0.02,-0.08,OK!
2499.00,1801.00,2342.00,2475.00,1.06,9.48,-0.77,-0.77,9.48,1.06,-0.05,-0.05,-0.02,OK!
2448.00,1733.00,2326.00,2451.00,1.09,9.62,-0.69,-0.69,9.62,1.09,-0.22,-0.14,-0.08,OK!
2455.00,1808.00,2306.00,2448.00,0.98,9.66,-0.54,-0.54,9.66,0.98,0.04,-0.03,0.01,OK!
2459.00,1856.00,2326.00,2419.00,0.90,9.75,-0.74,-0.74,9.75,0.90,-0.04,-0.05,-0.01,OK!
2474.00,1873.00,2328.00,2432.00,1.08,9.81,-0.67,-0.67,9.81,1.08,-0.12,-0.06,-0.00,OK!
2469.00,1810.00,2338.00,2460.00,1.18,9.59,-0.56,-0.56,9.59,1.18,-0.03,-0.03,-0.02,OK!
2467.00,1879.00,2317.00,2415.00,1.22,9.75,-0.68,-0.68,9.75,1.22,-0.05,-0.04,0.01,OK!
2476.00,1889.00,2334.00,2453.00,1.22,9.67,-0.65,-0.65,9.67,1.22,-0.03,-0.06,-0.03,OK!
2452.00,1862.00,2309.00,2416.00,1.15,9.70,-0.70,-0.70,9.70,1.15,-0.01,-0.01,-0.03,OK!
2455.00,1805.00,2351.00,2488.00,1.16,9.56,-0.69,-0.69,9.56,1.16,-0.06,0.01,-0.05,OK!
2450.00,1899.00,2338.00,2423.00,1.02,9.62,-0.62,-0.62,9.62,1.02,-0.03,0.03,-0.02,OK!
2454.00,1840.00,2327.00,2448.00,1.12,9.59,-0.54,-0.54,9.59,1.12,-0.02,-0.03,-0.01,OK!
2450.00,1878.00,2352.00,2441.00,1.08,9.78,-0.87,-0.87,9.78,1.08,-0.05,-0.04,-0.02,OK!
2477.00,1856.00,2324.00,2451.00,1.13,9.66,-0.86,-0.86,9.66,1.13,-0.03,-0.03,-0.02,OK!
2446.00,1886.00,2379.00,2448.00,1.22,9.69,-0.89,-0.89,9.69,1.22,-0.04,-0.05,-0.03,OK!
2451.00,1890.00,2317.00,2455.00,1.24,9.66,-0.88,-0.88,9.66,1.24,-0.02,-0.05,-0.01,OK!
2453.00,1847.00,2334.00,2459.00,1.07,9.36,-0.45,-0.45,9.36,1.07,0.12,-0.02,-0.31,OK!
2471.00,1794.00,2354.00,2443.00,1.31,9.96,-2.05,-2.05,9.96,1.31,-0.28,-0.27,0.29,OK!
2444.00,1895.00,2329.00,2438.00,1.75,10.27,0.44,0.44,10.27,1.75,-0.02,0.26,0.03,OK!
2459.00,1830.00,2340.00,2479.00,1.02,9.56,0.17,0.17,9.56,1.02,-0.16,-0.32,-0.47,OK!
2451.00,1825.00,2362.00,2458.00,2.10,9.56,1.46,1.46,9.56,2.10,-0.01,-0.03,0.07,OK!
2469.00,1776.00,2329.00,2418.00,2.01,9.81,1.37,1.37,9.81,2.01,-0.02,0.01,-0.01,OK!
2484.00,1871.00,2330.00,2427.00,2.21,9.61,1.17,1.17,9.61,2.21,-0.03,-0.04,-0.01,OK!
2462.00,1841.00,2303.00,2431.00,2.18,9.49,1.29,1.29,9.49,2.18,-0.04,-0.04,-0.05,OK!
2439.00,1850.00,2355.00,2477.00,2.20,9.51,1.24,1.24,9.51,2.20,-0.06,-0.04,-0.03,OK!
2438.00,1856.00,2304.00,2442.00,2.19,9.58,1.08,1.08,9.58,2.19,-0.04,-0.04,-0.02,OK!
2442.00,1888.00,2338.00,2460.00,2.07,9.63,1.15,1.15,9.63,2.07,-0.05,-0.08,-0.00,OK!
2453.00,1901.00,2337.00,2443.00,2.10,9.54,1.16,1.16,9.54,2.10,-0.03,-0.02,-0.05,OK!
2416.00,1823.00,2352.00,2395.00,2.18,9.49,1.08,1.08,9.49,2.18,-0.04,-0.04,-0.01,OK!
2455.00,1855.00,2314.00,2459.00,2.24,9.49,1.13,1.13,9.49,2.24,-0.02,-0.02,-0.03,OK!
2439.00,1871.00,2320.00,2406.00,2.15,9.63,1.02,1.02,9.63,2.15,-0.02,-0.05,0.00,OK!
2467.00,1847.00,2343.00,2455.00,2.18,9.56,1.04,1.04,9.56,2.18,-0.02,0.02,-0.02,OK!
2493.00,1846.00,2378.00,2506.00,2.10,9.60,1.04,1.04,9.60,2.10,-0.03,-0.07,0.00,OK!
2465.00,1852.00,2326.00,2441.00,2.04,9.57,1.11,1.11,9.57,2.04,-0.05,-0.04,-0.03,OK!
2458.00,1890.00,2353.00,2471.00,2.18,9.59,1.06,1.06,9.59,2.18,-0.04,-0.05,-0.04,OK!
2477.00,1827.00,2325.00,2435.00,2.19,9.53,1.07,1.07,9.53,2.19,-0.02,-0.03,-0.04,OK!
2456.00,1855.00,2330.00,2449.00,2.16,9.55,0.94,0.94,9.55,2.16,-0.04,-0.06,-0.02,OK!
2447.00,1880.00,2331.00,2489.00,2.00,9.51,1.22,1.22,9.51,2.00,-0.12,-0.11,-0.08,OK!
2479.00,1879.00,2334.00,2443.00,1.98,9.53,1.26,1.26,9.53,1.98,-0.07,0.02,-0.05,OK!
2487.00,1770.00,2315.00,2416.00,2.08,9.44,1.38,1.38,9.44,2.08,-0.02,-0.01,-0.03,OK!
2459.00,1774.00,2327.00,2448.00,1.96,9.54,1.30,1.30,9.54,1.96,-0.00,-0.05,0.01,OK!
2471.00,1871.00,2355.00,2437.00,1.97,9.51,1.20,1.20,9.51,1.97,-0.06,-0.03,-0.05,OK!
2461.00,1917.00,2322.00,2479.00,1.99,9.57,1.39,1.39,9.57,1.99,-0.01,-0.07,0.05,OK!
2469.00,1887.00,2305.00,2480.00,2.30,9.53,1.23,1.23,9.53,2.30,-0.03,-0.06,0.05,OK!
2448.00,1936.00,2349.00,2465.00,2.84,9.39,1.31,1.31,9.39,2.84,-0.05,-0.03,0.05,OK!
2470.00,1891.00,2315.00,2427.00,2.64,9.15,1.37,1.37,9.15,2.64,-0.02,-0.09,-0.17,OK!
2480.00,1882.00,2313.00,2432.00,1.81,9.52,1.28,1.28,9.52,1.81,-0.01,0.01,-0.30,OK!
2480.00,1923.00,2347.00,2512.00,1.91,9.39,1.16,1.16,9.39,1.91,-0.03,0.04,-0.07,OK!
2459.00,1851.00,2352.00,2447.00,1.75,9.62,1.27,1.27,9.62,1.75,-0.03,-0.03,-0.00,OK!
2465.00,1903.00,2319.00,2449.00,1.82,9.69,1.19,1.19,9.69,1.82,-0.02,-0.05,-0.02,OK!
2469.00,1855.00,2349.00,2417.00,1.98,9.62,1.21,1.21,9.62,1.98,-0.04,-0.05,-0.02,OK!
2436.00,1909.00,2356.00,2417.00,1.97,9.51,1.11,1.11,9.51,1.97,-0.03,-0.03,-0.02,OK!
2449.00,1906.00,2326.00,2437.00,2.26,9.45,1.33,1.33,9.45,2.26,-0.04,-0.05,0.01,OK!
2449.00,1904.00,2295.00,2486.00,1.87,9.68,1.22,1.22,9.68,1.87,0.01,-0.02,-0.07,OK!
2471.00,1897.00,2320.00,2431.00,1.95,9.63,1.23,1.23,9.63,1.95,-0.05,-0.03,-0.03,OK!
2448.00,1856.00,2335.00,2432.00,1.97,9.61,1.22,1.22,9.61,1.97,-0.03,-0.03,-0.04,OK!
2467.00,1849.00,2326.00,2450.00,1.85,9.60,1.25,1.25,9.60,1.85,-0.04,-0.04,-0.03,OK!
2458.00,1840.00,2355.00,2460.00,1.88,9.60,1.16,1.16,9.60,1.88,-0.04,-0.04,-0.03,OK!
2467.00,1860.00,2348.00,2462.00,1.84,9.58,1.20,1.20,9.58,1.84,-0.02,-0.04,-0.02,OK!
2445.00,1809.00,2320.00,2477.00,1.90,9.58,1.12,1.12,9.58,1.90,-0.03,-0.03,-0.05,OK!
2449.00,1904.00,2330.00,2469.00,1.82,9.63,1.16,1.16,9.63,1.82,-0.04,-0.04,-0.03,OK!
2455.00,1882.00,2317.00,2388.00,2.03,9.49,1.17,1.17,9.49,2.03,-0.03,-0.04,-0.02,OK!
2439.00,1904.00,2378.00,2423.00,1.94,9.56,1.22,1.22,9.56,1.94,-0.04,-0.04,-0.03,OK!
2455.00,1819.00,2323.00,2465.00,1.89,9.53,1.30,1.30,9.53,1.89,-0.05,-0.08,-0.04,OK!
2512.00,1909.00,2330.00,2496.00,2.04,9.18,1.78,1.78,9.18,2.04,-0.14,-0.59,-0.01,OK!
2446.00,1873.00,2320.00,2421.00,2.28,9.44,1.48,1.48,9.44,2.28,-0.05,-0.35,-0.04,OK!
2483.00,1870.00,2330.00,2432.00,2.75,10.33,0.95,0.95,10.33,2.75,0.36,-0.03,0.22,OK!
2465.00,1921.00,2321.00,2460.00,2.92,10.02,-1.39,-1.39,10.02,2.92,-0.17,-0.65,0.11,OK!
2457.00,1862.00,2314.00,2453.00,3.60,8.97,0.26,0.26,8.97,3.60,-0.15,-0.20,-0.09,OK!
2471.00,1863.00,2352.00,2439.00,3.42,9.70,-0.42,-0.42,9.70,3.42,0.36,0.10,0.00,OK!
2479.00,1886.00,2301.00,2458.00,3.97,8.85,-0.05,-0.05,8.85,3.97,0.04,-0.02,-0.04,OK!
2464.00,1823.00,2315.00,2447.00,3.60,9.27,-0.03,-0.03,9.27,3.60,-0.08,-0.12,-0.04,OK!
2460.00,1886.00,2352.00,2425.00,3.65,9.58,0.35,0.35,9.58,3.65,-0.23,-0.06,0.03,OK!
2479.00,1873.00,2310.00,2475.00,3.86,9.17,-0.26,-0.26,9.17,3.86,0.06,-0.14,-0.09,OK!
2461.00,1798.00,2352.00,2459.00,4.00,8.89,1.37,1.37,8.89,4.00,-0.10,-0.10,-0.00,OK!
2462.00,1891.00,2356.00,2476.00,3.89,9.09,0.59,0.59,9.09,3.89,0.02,0.01,-0.07,OK!
2461.00,1811.00,2353.00,2415.00,3.51,9.25,1.06,1.06,9.25,3.51,0.05,-0.10,-0.05,OK!
2444.00,1871.00,2319.00,2467.00,3.59,9.15,0.98,0.98,9.15,3.59,-0.06,-0.09,-0.04,OK!
2451.00,1827.00,2298.00,2448.00,3.62,9.12,1.06,1.06,9.12,3.62,-0.02,-0.03,-0.02,OK!
2458.00,1866.00,2346.00,2442.00,3.60,9.17,0.93,0.93,9.17,3.60,-0.04,-0.03,-0.04,OK!
2464.00,1895.00,2325.00,2438.00,3.60,9.19,1.08,1.08,9.19,3.60,-0.01,-0.02,-0.01,OK!
2464.00,1841.00,2322.00,2462.00,3.99,8.86,0.52,0.52,8.86,3.99,0.04,0.18,-0.02,OK!
2477.00,1903.00,2365.00,2463.00,3.63,9.22,0.02,0.02,9.22,3.63,0.21,0.39,-0.04,OK!
2459.00,1901.00,2352.00,2465.00,3.58,9.27,-0.53,-0.53,9.27,3.58,0.19,0.47,-0.08,OK!
2459.00,1847.00,2339.00,2432.00,3.31,9.31,-0.28,-0.28,9.31,3.31,0.14,0.40,-0.05,OK!
2459.00,1898.00,2325.00,2461.00,3.24,9.34,-0.24,-0.24,9.34,3.24,0.00,0.13,-0.07,OK!
2439.00,1858.00,2331.00,2444.00,3.00,9.49,-0.21,-0.21,9.49,3.00,-0.02,0.01,-0.02,OK!
2459.00,1844.00,2323.00,2462.00,3.35,9.34,-0.56,-0.56,9.34,3.35,0.06,0.13,-0.02,OK!
2468.00,1853.00,2362.00,2457.00,3.28,9.28,-0.42,-0.42,9.28,3.28,-0.09,-0.01,-0.05,OK!
2515.00,1843.00,2330.00,2425.00,3.27,9.23,-0.33,-0.33,9.23,3.27,-0.05,0.11,-0.06,OK!
2486.00,1823.00,2337.00,2431.00,3.39,9.22,-0.18,-0.18,9.22,3.39,0.06,0.25,0.00,OK!
2467.00,1840.00,2338.00,2451.00,3.18,9.25,-0.35,-0.35,9.25,3.18,0.08,0.23,-0.09,OK!
2485.00,1829.00,2329.00,2479.00,2.96,9.38,-0.34,-0.34,9.38,2.96,-0.04,0.05,-0.08,OK!
2448.00,1857.00,2339.00,2467.00,2.94,9.45,-0.41,-0.41,9.45,2.94,0.05,0.20,-0.00,OK!
2512.00,1883.00,2334.00,2412.00,3.10,9.38,-0.28,-0.28,9.38,3.10,-0.05,0.01,-0.04,OK!
2461.00,1827.00,2355.00,2476.00,3.11,9.34,-0.16,-0.16,9.34,3.11,-0.02,0.06,-0.01,OK!
2468.00,1874.00,2335.00,2464.00,3.35,9.22,-0.13,-0.13,9.22,3.35,0.06,0.20,0.05,OK!
2471.00,1856.00,2352.00,2425.00,3.38,9.25,-0.02,-0.02,9.25,3.38,-0.02,0.09,-0.01,OK!
2446.00,1844.00,2374.00,2471.00,3.29,9.28,0.21,0.21,9.28,3.29,-0.06,0.08,-0.12,OK!
2471.00,1840.00,2342.00,2447.00,3.17,9.36,0.51,0.51,9.36,3.17,-0.05,0.10,-0.04,OK!
2496.00,1883.00,2344.00,2451.00,3.21,9.34,0.76,0.76,9.34,3.21,-0.08,-0.05,-0.04,OK!
2467.00,1840.00,2262.00,2437.00,3.07,9.28,1.07,1.07,9.28,3.07,-0.05,-0.06,-0.03,OK!
2437.00,1815.00,2329.00,2437.00,2.89,9.31,1.22,1.22,9.31,2.89,-0.07,0.02,-0.01,OK!
2482.00,1819.00,2320.00,2435.00,3.00,9.26,1.24,1.24,9.26,3.00,-0.05,-0.02,-0.04,OK!
2477.00,1823.00,2320.00,2484.00,2.95,9.42,1.35,1.35,9.42,2.95,-0.06,-0.08,-0.04,OK!
2464.00,1857.00,2365.00,2451.00,2.85,9.34,1.47,1.47,9.34,2.85,-0.05,-0.07,-0.03,OK!
2448.00,1858.00,2352.00,2385.00,3.14,9.30,1.01,1.01,9.30,3.14,-0.01,-0.15,0.00,OK!
2457.00,1865.00,2315.00,2457.00,3.24,9.29,0.90,0.90,9.29,3.24,-0.05,-0.18,-0.01,OK!
2454.00,1899.00,2285.00,2441.00,3.50,9.12,0.79,0.79,9.12,3.50,-0.11,-0.17,-0.08,OK!
2492.00,1863.00,2326.00,2464.00,3.34,9.33,0.51,0.51,9.33,3.34,-0.03,-0.17,-0.02,OK!
2448.00,1945.00,2339.00,2464.00,3.34,9.28,0.47,0.47,9.28,3.34,-0.01,-0.11,-0.02,OK!
2487.00,1890.00,2331.00,2441.00,3.38,9.06,0.16,0.16,9.06,3.38,-0.10,-0.38,-0.11,OK!
2474.00,1857.00,2359.00,2415.00,2.61,9.41,0.49,0.49,9.41,2.61,-0.38,-0.61,-0.28,OK!
2470.00,1836.00,2315.00,2463.00,1.96,9.53,1.10,1.10,9.53,1.96,-0.19,-0.31,-0.11,OK!
2461.00,1863.00,2327.00,2471.00,1.71,9.62,1.49,1.49,9.62,1.71,-0.13,-0.35,-0.03,OK!
2471.00,1911.00,2342.00,2456.00,1.92,9.61,1.98,1.98,9.61,1.92,-0.07,-0.37,-0.00,OK!
2468.00,1883.00,2317.00,2439.00,2.33,9.35,2.60,2.60,9.35,2.33,-0.44,-1.12,-0.08,OK!
2435.00,1904.00,2351.00,2399.00,3.45,9.33,1.50,1.50,9.33,3.45,0.08,-0.43,0.00,OK!
2453.00,1888.00,2335.00,2439.00,3.42,9.32,1.23,1.23,9.32,3.42,-0.06,-0.14,-0.03,OK!
2457.00,1904.00,2296.00,2423.00,3.26,9.36,1.76,1.76,9.36,3.26,-0.00,-0.03,0.02,OK!
2458.00,1888.00,2317.00,2439.00,3.65,8.99,1.70,1.70,8.99,3.65,-0.04,-0.06,0.04,OK!
2431.00,1873.00,2320.00,2443.00,3.83,9.03,1.42,1.42,9.03,3.83,-0.01,-0.05,-0.01,OK!
2458.00,1873.00,2322.00,2487.00,3.92,9.03,1.51,1.51,9.03,3.92,-0.05,-0.04,-0.02,OK!
2461.00,1871.00,2352.00,2448.00,3.97,9.01,1.51,1.51,9.01,3.97,-0.04,-0.05,-0.00,OK!
2471.00,1906.00,2335.00,2471.00,3.68,9.08,1.53,1.53,9.08,3.68,0.00,-0.03,-0.14,OK!
2470.00,1820.00,2352.00,2459.00,3.39,9.15,1.66,1.66,9.15,3.39,-0.06,-0.06,-0.05,OK!
2489.00,1904.00,2338.00,2435.00,3.17,9.46,1.42,1.42,9.46,3.17,0.02,-0.03,0.12,OK!
2480.00,1920.00,2333.00,2431.00,3.61,9.23,1.17,1.17,9.23,3.61,-0.06,-0.06,0.07,OK!
2465.00,1856.00,2355.00,2455.00,4.03,8.68,1.62,1.62,8.68,4.03,-0.07,-0.06,0.03,OK!
2458.00,1938.00,2352.00,2457.00,4.14,8.55,1.90,1.90,8.55,4.14,0.02,-0.05,-0.12,OK!
2467.00,1881.00,2333.00,2407.00,4.07,8.85,1.42,1.42,8.85,4.07,0.11,-0.02,-0.22,OK!
2432.00,1903.00,2352.00,2430.00,3.71,9.02,1.59,1.59,9.02,3.71,0.11,-0.01,-0.26,OK!
2461.00,1894.00,2330.00,2453.00,3.88,8.77,2.04,2.04,8.77,3.88,-0.00,0.01,-0.31,OK!
2468.00,1855.00,2310.00,2496.00,4.34,8.56,1.75,1.75,8.56,4.34,0.05,-0.06,-0.19,OK!
2469.00,1855.00,2357.00,2430.00,3.79,9.07,1.58,1.58,9.07,3.79,-0.03,-0.04,-0.03,OK!
2462.00,1883.00,2366.00,2473.00,3.70,9.08,1.60,1.60,9.08,3.70,-0.02,-0.03,-0.01,OK!
2466.00,1841.00,2371.00,2443.00,3.65,9.04,1.67,1.67,9.04,3.65,-0.02,-0.01,-0.02,OK!
2479.00,1898.00,2345.00,2473.00,3.85,9.08,1.64,1.64,9.08,3.85,-0.04,-0.03,-0.02,OK!
2494.00,1932.00,2379.00,2422.00,3.74,9.11,1.63,1.63,9.11,3.74,-0.04,-0.03,-0.02,OK!
2448.00,1940.00,2308.00,2469.00,3.72,9.06,1.77,1.77,9.06,3.72,-0.05,-0.05,-0.01,OK!
2480.00,1921.00,2342.00,2474.00,3.58,9.28,1.52,1.52,9.28,3.58,-0.05,-0.07,-0.04,OK!
2473.00,1903.00,2329.00,2443.00,3.90,8.85,1.65,1.65,8.85,3.90,-0.02,-0.04,-0.03,OK!
2450.00,1859.00,2337.00,2463.00,3.76,9.05,1.86,1.86,9.05,3.76,-0.03,-0.05,0.00,OK!
2482.00,1920.00,2358.00,2479.00,3.81,9.05,1.73,1.73,9.05,3.81,-0.03,-0.02,-0.02,OK!
2471.00,1855.00,2330.00,2450.00,3.75,9.02,1.90,1.90,9.02,3.75,-0.04,-0.05,-0.01,OK!
2450.00,1904.00,2359.00,2447.00,3.84,9.09,1.74,1.74,9.09,3.84,-0.02,-0.05,-0.01,OK!
2457.00,1845.00,2337.00,2453.00,3.80,9.07,1.79,1.79,9.07,3.80,-0.01,-0.05,-0.03,OK!
2480.00,1862.00,2330.00,2448.00,3.81,9.04,1.62,1.62,9.04,3.81,0.01,-0.07,-0.01,OK!
2477.00,1866.00,2359.00,2449.00,4.12,8.95,1.23,1.23,8.95,4.12,-0.01,-0.08,-0.01,OK!
2453.00,1831.00,2325.00,2448.00,4.15,8.94,1.13,1.13,8.94,4.15,-0.05,-0.04,-0.03,OK!
2470.00,1872.00,2343.00,2416.00,4.00,9.02,1.23,1.23,9.02,4.00,-0.02,-0.04,-0.03,OK!
2481.00,1862.00,2337.00,2444.00,4.01,9.11,1.26,1.26,9.11,4.01,-0.04,-0.03,-0.02,OK!
2441.00,1875.00,2325.00,2469.00,3.90,9.06,1.23,1.23,9.06,3.90,-0.05,-0.03,-0.03,OK!
2454.00,1867.00,2338.00,2480.00,3.89,9.04,1.29,1.29,9.04,3.89,-0.03,-0.03,-0.03,OK!
2469.00,1892.00,2362.00,2383.00,3.77,9.10,1.53,1.53,9.10,3.77,-0.04,-0.05,-0.04,OK!
2476.00,1863.00,2351.00,2418.00,3.64,9.10,1.61,1.61,9.10,3.64,-0.04,-0.02,-0.03,OK!
2451.00,1882.00,2327.00,2480.00,3.54,9.04,1.83,1.83,9.04,3.54,-0.16,0.04,-0.06,OK!
2464.00,1856.00,2347.00,2448.00,3.49,9.05,2.10,2.10,9.05,3.49,0.08,-0.07,0.00,OK!
2434.00,1840.00,2333.00,2449.00,3.62,9.25,1.49,1.49,9.25,3.62,0.19,0.21,0.09,OK!
2486.00,1858.00,2353.00,2400.00,3.87,9.20,0.86,0.86,9.20,3.87,-0.00,-0.00,0.05,OK!
2476.00,1878.00,2305.00,2453.00,3.21,9.55,1.19,1.19,9.55,3.21,-0.02,-0.04,0.05,OK!
2471.00,1904.00,2351.00,2433.00,4.39,8.97,0.79,0.79,8.97,4.39,-0.02,-0.04,-0.04,OK!
2453.00,1893.00,2336.00,2437.00,4.23,9.08,0.61,0.61,9.08,4.23,-0.16,-0.09,-0.17,OK!
2450.00,1875.00,2320.00,2452.00,2.15,8.36,0.18,0.18,8.36,2.15,-0.16,0.15,-0.25,OK!
2480.00,1859.00,2324.00,2451.00,3.84,8.96,1.28,1.28,8.96,3.84,0.07,0.01,0.11,OK!
2482.00,1814.00,2343.00,2461.00,3.60,9.10,1.20,1.20,9.10,3.60,-0.11,0.00,-0.02,OK!
2487.00,1855.00,2383.00,2465.00,3.21,9.03,1.13,1.13,9.03,3.21,0.05,0.12,-0.20,OK!
2472.00,1885.00,2333.00,2433.00,1.21,10.10,-1.13,-1.13,10.10,1.21,0.21,0.95,-0.57,OK!
2480.00,1871.00,2351.00,2457.00,0.87,9.64,0.38,0.38,9.64,0.87,0.15,-0.05,0.13,OK!
2453.00,1831.00,2298.00,2446.00,0.19,10.44,-0.68,-0.68,10.44,0.19,0.35,0.77,-0.42,OK!
2491.00,1776.00,2321.00,2478.00,-0.45,9.89,0.69,0.69,9.89,-0.45,-0.14,0.06,0.05,OK!
2477.00,1904.00,2354.00,2440.00,1.16,8.66,-0.55,-0.55,8.66,1.16,-0.04,-0.13,-0.54,OK!
2444.00,1820.00,2354.00,2428.00,-0.26,9.76,0.38,0.38,9.76,-0.26,-0.09,0.10,-0.08,OK!
2480.00,1869.00,2384.00,2384.00,0.11,9.84,0.64,0.64,9.84,0.11,-0.04,-0.08,0.14,OK!
2467.00,1821.00,2351.00,2464.00,0.11,9.62,0.85,0.85,9.62,0.11,-0.01,-0.04,0.00,OK!
2473.00,1847.00,2337.00,2462.00,0.12,9.77,0.65,0.65,9.77,0.12,-0.04,-0.04,-0.03,OK!
2456.00,1872.00,2341.00,2419.00,0.36,9.65,0.72,0.72,9.65,0.36,-0.03,0.01,-0.07,OK!
2426.00,1802.00,2365.00,2451.00,0.20,9.73,0.79,0.79,9.73,0.20,-0.04,-0.03,-0.02,OK!
2442.00,1845.00,2390.00,2464.00,0.29,9.73,0.80,0.80,9.73,0.29,-0.03,-0.03,-0.02,OK!
2482.00,1786.00,2345.00,2461.00,0.22,9.77,0.75,0.75,9.77,0.22,-0.03,-0.03,-0.00,OK!
2470.00,1851.00,2374.00,2467.00,0.25,9.70,0.85,0.85,9.70,0.25,-0.01,-0.03,-0.01,OK!
2473.00,1840.00,2340.00,2458.00,0.12,9.80,0.79,0.79,9.80,0.12,-0.04,-0.03,-0.00,OK!
2493.00,1875.00,2381.00,2428.00,0.28,9.80,0.69,0.69,9.80,0.28,-0.02,-0.03,-0.02,OK!
2455.00,1873.00,2333.00,2451.00,0.21,9.76,0.79,0.79,9.76,0.21,-0.03,-0.04,-0.03,OK!
2474.00,1899.00,2326.00,2449.00,0.15,9.78,0.66,0.66,9.78,0.15,-0.00,-0.02,-0.00,OK!
2459.00,1901.00,2343.00,2429.00,0.16,9.75,0.93,0.93,9.75,0.16,-0.03,-0.04,-0.03,OK!
2485.00,1941.00,2322.00,2462.00,0.29,9.76,0.81,0.81,9.76,0.29,-0.04,-0.05,0.00,OK!
2471.00,1895.00,2341.00,2484.00,0.24,9.75,0.70,0.70,9.75,0.24,-0.03,-0.03,-0.01,OK!
2448.00,1872.00,2321.00,2469.00,0.29,9.75,0.74,0.74,9.75,0.29,-0.02,-0.02,-0.04,OK!
2448.00,1927.00,2330.00,2468.00,-0.34,10.11,0.59,0.59,10.11,-0.34,-0.02,-0.01,-0.05,OK!
2469.00,1895.00,2349.00,2455.00,0.12,9.93,0.62,0.62,9.93,0.12,-0.06,-0.02,-0.03,OK!
2471.00,1916.00,2356.00,2414.00,0.47,9.50,0.68,0.68,9.50,0.47,-0.06,-0.01,-0.04,OK!
2460.00,1929.00,2329.00,2405.00,0.30,9.70,0.68,0.68,9.70,0.30,-0.04,-0.08,0.03,OK!
2480.00,1938.00,2365.00,2439.00,-0.71,10.58,0.26,0.26,10.58,-0.71,-0.06,-0.05,-0.04,OK!
2459.00,1915.00,2331.00,2463.00,0.42,9.79,0.69,0.69,9.79,0.42,0.03,0.00,-0.15,OK!
2482.00,1925.00,2339.00,2449.00,0.77,9.57,0.71,0.71,9.57,0.77,-0.01,-0.02,-0.10,OK!
2438.00,1941.00,2335.00,2468.00,0.23,10.06,0.60,0.60,10.06,0.23,0.01,0.01,-0.09,OK!
2507.00,1920.00,2314.00,2424.00,0.41,9.88,0.79,0.79,9.88,0.41,-0.07,-0.08,0.01,OK!
2490.00,1924.00,2304.00,2476.00,0.63,9.79,0.71,0.71,9.79,0.63,-0.05,-0.08,-0.05,OK!
2489.00,1837.00,2298.00,2419.00,0.72,9.70,0.92,0.92,9.70,0.72,-0.07,-0.06,-0.02,OK!
2466.00,1903.00,2343.00,2433.00,0.83,9.74,0.76,0.76,9.74,0.83,-0.05,-0.05,-0.03,OK!
2438.00,1942.00,2384.00,2491.00,0.89,9.69,1.09,1.09,9.69,0.89,-0.05,-0.04,0.01,OK!
2480.00,1904.00,2346.00,2451.00,1.03,9.74,1.06,1.06,9.74,1.03,-0.04,-0.05,0.01,OK!
2470.00,1935.00,2299.00,2478.00,0.85,9.82,1.25,1.25,9.82,0.85,-0.08,-0.06,-0.04,OK!
2448.00,1891.00,2337.00,2402.00,0.96,9.76,1.14,1.14,9.76,0.96,-0.08,-0.05,0.01,OK!
2484.00,1876.00,2310.00,2459.00,1.37,9.53,1.44,1.44,9.53,1.37,-0.06,-0.05,0.03,OK!
2451.00,1935.00,2321.00,2478.00,1.42,9.61,1.44,1.44,9.61,1.42,-0.04,-0.07,-0.02,OK!
2471.00,1899.00,2355.00,2428.00,1.24,9.76,1.45,1.45,9.76,1.24,-0.02,-0.05,-0.04,OK!
2474.00,1919.00,2290.00,2461.00,1.12,9.69,1.50,1.50,9.69,1.12,-0.04,-0.02,-0.02,OK!
2465.00,1858.00,2341.00,2443.00,1.00,9.79,1.41,1.41,9.79,1.00,-0.00,-0.06,-0.09,OK!
2480.00,1899.00,2320.00,2421.00,0.91,9.79,1.39,1.39,9.79,0.91,0.00,-0.22,-0.01,OK!
2455.00,1968.00,2352.00,2434.00,1.40,9.54,1.29,1.29,9.54,1.40,0.01,-0.69,0.07,OK!
2462.00,1959.00,2383.00,2437.00,1.75,9.90,-0.43,-0.43,9.90,1.75,-0.20,-0.85,-0.04,OK!
2465.00,1920.00,2316.00,2453.00,1.69,9.58,0.26,0.26,9.58,1.69,-0.18,-0.48,-0.02,OK!
2480.00,1946.00,2306.00,2482.00,0.90,9.87,0.17,0.17,9.87,0.90,0.14,-0.49,-0.18,OK!
2466.00,1933.00,2359.00,2451.00,1.19,9.87,-0.30,-0.30,9.87,1.19,-0.01,-0.31,0.05,OK!
2470.00,1962.00,2327.00,2427.00,1.27,9.64,-0.78,-0.78,9.64,1.27,0.47,-0.03,-0.12,OK!
2501.00,1952.00,2323.00,2453.00,0.55,9.57,-0.85,-0.85,9.57,0.55,0.03,-0.21,-0.10,OK!
2463.00,1916.00,2330.00,2439.00,0.43,9.89,-1.70,-1.70,9.89,0.43,-0.21,-0.12,-0.13,OK!
2480.00,1941.00,2347.00,2439.00,-0.13,9.71,-2.10,-2.10,9.71,-0.13,0.16,-0.03,-0.06,OK!
2448.00,1950.00,2382.00,2437.00,-0.05,9.50,-1.93,-1.93,9.50,-0.05,-0.05,-0.03,-0.04,OK!
2462.00,1941.00,2340.00,2449.00,-0.19,9.46,-1.86,-1.86,9.46,-0.19,-0.08,-0.09,-0.02,OK!
2478.00,1921.00,2339.00,2412.00,-0.41,9.62,-1.75,-1.75,9.62,-0.41,-0.06,-0.03,-0.03,OK!
2454.00,1889.00,2351.00,2431.00,-0.22,9.42,-1.72,-1.72,9.42,-0.22,-0.03,-0.05,-0.03,OK!
2475.00,1907.00,2360.00,2473.00,-0.29,9.47,-1.76,-1.76,9.47,-0.29,-0.06,-0.03,-0.04,OK!
2464.00,1927.00,2332.00,2457.00,-0.21,9.41,-1.83,-1.83,9.41,-0.21,-0.02,-0.05,-0.02,OK!
2468.00,1934.00,2362.00,2468.00,-0.40,9.44,-1.81,-1.81,9.44,-0.40,-0.01,-0.04,-0.00,OK!
2466.00,1936.00,2338.00,2482.00,-0.23,9.48,-1.91,-1.91,9.48,-0.23,-0.04,-0.04,-0.02,OK!
2439.00,1929.00,2342.00,2446.00,-0.28,9.40,-1.85,-1.85,9.40,-0.28,-0.03,-0.04,-0.02,OK!
2489.00,1934.00,2322.00,2496.00,-0.22,9.39,-1.86,-1.86,9.39,-0.22,-0.05,-0.04,-0.04,OK!
2487.00,1965.00,2331.00,2470.00,-0.29,9.47,-1.92,-1.92,9.47,-0.29,-0.04,-0.06,-0.01,OK!
2449.00,1936.00,2348.00,2429.00,-0.16,9.36,-2.07,-2.07,9.36,-0.16,-0.07,-0.04,-0.03,OK!
2457.00,1974.00,2383.00,2438.00,0.11,9.29,-2.10,-2.10,9.29,0.11,-0.16,0.06,0.07,OK!
2483.00,1921.00,2303.00,2416.00,0.57,9.54,-2.18,-2.18,9.54,0.57,0.01,0.34,0.03,OK!
2464.00,1936.00,2315.00,2510.00,1.02,9.58,-1.87,-1.87,9.58,1.02,-0.09,0.36,0.03,OK!
2498.00,1945.00,2327.00,2446.00,0.82,10.01,-1.29,-1.29,10.01,0.82,-0.00,0.31,-0.11,OK!
2433.00,1945.00,2366.00,2443.00,1.77,9.65,-1.12,-1.12,9.65,1.77,-0.17,0.50,-0.03,OK!
2486.00,1943.00,2354.00,2439.00,1.70,9.54,0.20,0.20,9.54,1.70,-0.06,0.38,-0.04,OK!
2449.00,1935.00,2352.00,2455.00,1.53,9.61,0.87,0.87,9.61,1.53,-0.11,0.37,-0.01,OK!
2475.00,1915.00,2350.00,2436.00,1.39,9.81,1.24,1.24,9.81,1.39,0.05,0.45,-0.06,OK!
2448.00,1951.00,2338.00,2489.00,1.00,9.31,0.88,0.88,9.31,1.00,0.22,0.30,-0.15,OK!
2438.00,1959.00,2338.00,2445.00,0.36,9.45,0.00,0.00,9.45,0.36,0.10,-0.11,-0.14,OK!
2470.00,1934.00,2347.00,2451.00,-0.38,9.52,-0.56,-0.56,9.52,-0.38,0.15,-0.20,0.02,OK!
2458.00,1966.00,2359.00,2467.00,-0.37,9.59,-2.11,-2.11,9.59,-0.37,0.17,-0.08,-0.08,OK!
2475.00,1989.00,2364.00,2460.00,-1.62,8.70,-2.79,-2.79,8.70,-1.62,-0.29,-0.32,-0.14,OK!
2485.00,1981.00,2337.00,2461.00,-1.27,9.35,-1.86,-1.86,9.35,-1.27,0.03,-0.03,0.02,OK!
2454.00,2031.00,2346.00,2447.00,-0.69,9.56,-2.23,-2.23,9.56,-0.69,-0.23,0.11,0.15,OK!
2409.00,1984.00,2330.00,2435.00,0.40,9.67,-1.40,-1.40,9.67,0.40,-0.26,0.01,0.10,OK!
2490.00,1986.00,2338.00,2448.00,0.44,10.05,-1.11,-1.11,10.05,0.44,-0.03,0.04,0.00,OK!
2461.00,1981.00,2352.00,2426.00,0.52,10.43,-1.11,-1.11,10.43,0.52,-0.11,-0.02,0.08,OK!
2534.00,1987.00,2320.00,2465.00,0.59,9.88,-0.59,-0.59,9.88,0.59,0.25,-0.02,-0.26,OK!
2448.00,1967.00,2341.00,2468.00,1.29,8.92,0.02,0.02,8.92,1.29,0.28,0.00,-0.33,OK!
2480.00,1965.00,2362.00,2459.00,2.00,7.86,0.45,0.45,7.86,2.00,-0.15,0.03,0.00,OK!
2461.00,2000.00,2325.00,2431.00,1.41,9.14,-0.25,-0.25,9.14,1.41,-0.47,-0.02,0.30,OK!
2465.00,1993.00,2330.00,2469.00,0.68,10.69,-1.17,-1.17,10.69,0.68,-0.34,-0.12,0.31,OK!
2477.00,1897.00,2336.00,2450.00,0.58,10.74,-0.91,-0.91,10.74,0.58,0.20,-0.01,-0.21,OK!
2457.00,1983.00,2347.00,2448.00,1.46,9.13,0.30,0.30,9.13,1.46,0.39,0.06,-0.40,OK!
2496.00,1997.00,2343.00,2434.00,2.17,8.14,1.12,1.12,8.14,2.17,-0.17,-0.03,0.05,OK!
2443.00,1986.00,2336.00,2454.00,1.34,9.60,-0.01,-0.01,9.60,1.34,-0.46,-0.10,0.32,OK!
2453.00,1931.00,2335.00,2479.00,0.64,10.61,-0.25,-0.25,10.61,0.64,-0.22,-0.08,0.02,OK!
2473.00,1966.00,2317.00,2438.00,0.87,9.39,0.48,0.48,9.39,0.87,0.46,-0.05,-0.44,OK!
2470.00,1878.00,2340.00,2452.00,0.70,10.06,-0.14,-0.14,10.06,0.70,-0.03,-0.09,0.00,OK!
2439.00,1909.00,2337.00,2461.00,0.69,9.82,0.13,0.13,9.82,0.69,-0.04,-0.07,-0.05,OK!
2471.00,1991.00,2304.00,2459.00,1.16,9.65,0.29,0.29,9.65,1.16,-0.04,-0.15,0.06,OK!
2439.00,1904.00,2331.00,2457.00,1.19,9.75,-0.04,-0.04,9.75,1.19,0.12,0.04,-0.08,OK!
2463.00,1950.00,2333.00,2470.00,1.27,9.83,0.03,0.03,9.83,1.27,-0.03,0.13,-0.02,OK!
2475.00,1937.00,2368.00,2419.00,0.84,9.72,0.16,0.16,9.72,0.84,-0.14,-0.02,-0.07,OK!
2502.00,1984.00,2339.00,2429.00,1.02,9.84,0.13,0.13,9.84,1.02,-0.04,-0.10,-0.01,OK!
2480.00,1961.00,2325.00,2478.00,0.95,9.76,0.08,0.08,9.76,0.95,-0.07,-0.04,-0.03,OK!
2413.00,1930.00,2369.00,2475.00,0.88,9.74,0.26,0.26,9.74,0.88,-0.09,-0.16,-0.03,OK!
2453.00,2006.00,2321.00,2418.00,0.91,9.80,0.36,0.36,9.80,0.91,0.00,-0.15,0.04,OK!
2480.00,1984.00,2327.00,2448.00,1.01,9.86,0.34,0.34,9.86,1.01,-0.08,-0.19,-0.01,OK!
2455.00,1986.00,2328.00,2457.00,1.41,9.59,0.06,0.06,9.59,1.41,0.03,-0.42,0.01,OK!
2462.00,1931.00,2409.00,2452.00,1.56,9.66,0.10,0.10,9.66,1.56,-0.02,-0.10,-0.00,OK!
2483.00,1945.00,2336.00,2479.00,1.13,9.85,0.21,0.21,9.85,1.13,-0.03,-0.04,-0.04,OK!
2461.00,1983.00,2338.00,2462.00,1.21,9.82,0.11,0.11,9.82,1.21,-0.04,-0.06,-0.04,OK!
2475.00,1957.00,2320.00,2473.00,1.32,9.73,-0.04,-0.04,9.73,1.32,0.02,0.08,-0.03,OK!
2475.00,1969.00,2352.00,2434.00,1.48,9.70,-0.01,-0.01,9.70,1.48,-0.03,0.12,0.00,OK!
2421.00,1968.00,2384.00,2491.00,1.23,9.54,0.06,0.06,9.54,1.23,-0.09,0.32,-0.15,OK!
2471.00,1970.00,2341.00,2405.00,1.08,9.55,0.19,0.19,9.55,1.08,-0.06,0.16,-0.10,OK!
2466.00,1960.00,2384.00,2462.00,1.62,9.87,-0.35,-0.35,9.87,1.62,-0.09,0.13,-0.13,OK!
2448.00,1948.00,2326.00,2431.00,1.73,10.08,0.51,0.51,10.08,1.73,0.01,0.62,0.17,OK!
2441.00,1933.00,2331.00,2480.00,2.25,10.40,0.88,0.88,10.40,2.25,0.05,0.27,-0.06,OK!
2447.00,1926.00,2311.00,2463.00,1.26,10.04,0.05,0.05,10.04,1.26,-0.01,-0.07,-0.10,OK!
2487.00,1888.00,2355.00,2448.00,1.41,9.30,0.56,0.56,9.30,1.41,-0.46,-0.11,-0.12,OK!
2464.00,1910.00,2375.00,2480.00,1.07,9.74,0.93,0.93,9.74,1.07,-0.03,-0.05,-0.07,OK!
2453.00,2011.00,2369.00,2467.00,1.00,9.77,0.98,0.98,9.77,1.00,-0.05,-0.05,-0.00,OK!
2454.00,1932.00,2354.00,2448.00,1.12,9.63,1.01,1.01,9.63,1.12,-0.00,-0.01,-0.09,OK!
2438.00,1975.00,2345.00,2444.00,1.05,9.71,0.97,0.97,9.71,1.05,-0.03,-0.05,-0.03,OK!
2451.00,1965.00,2327.00,2429.00,0.95,9.69,1.12,1.12,9.69,0.95,-0.01,-0.01,-0.09,OK!
2480.00,1953.00,2353.00,2433.00,0.96,9.82,1.01,1.01,9.82,0.96,-0.04,-0.05,-0.02,OK!
2469.00,1951.00,2353.00,2416.00,0.74,9.77,1.08,1.08,9.77,0.74,-0.02,-0.03,-0.03,OK!
2433.00,1895.00,2348.00,2444.00,0.87,9.53,1.50,1.50,9.53,0.87,-0.12,-0.07,-0.15,OK!
2448.00,1946.00,2355.00,2451.00,1.04,9.95,1.39,1.39,9.95,1.04,-0.03,-0.09,0.03,OK!
2491.00,1903.00,2362.00,2491.00,2.26,9.24,0.88,0.88,9.24,2.26,0.09,0.43,-0.05,OK!
2458.00,1936.00,2338.00,2456.00,0.34,10.13,0.71,0.71,10.13,0.34,-0.12,0.21,-0.19,OK!
2449.00,1936.00,2342.00,2442.00,0.46,9.99,0.34,0.34,9.99,0.46,-0.02,-0.11,-0.08,OK!
2459.00,1935.00,2352.00,2474.00,0.74,9.60,0.86,0.86,9.60,0.74,-0.15,-0.28,0.02,OK!
2448.00,1931.00,2333.00,2447.00,1.62,9.47,1.48,1.48,9.47,1.62,-0.39,-0.47,-0.01,OK!
2477.00,1974.00,2351.00,2448.00,0.83,10.00,2.35,2.35,10.00,0.83,-0.49,-1.62,-0.43,OK!
2477.00,1916.00,2304.00,2479.00,2.11,9.10,3.62,3.62,9.10,2.11,-0.03,-0.61,-0.09,OK!
2477.00,1957.00,2307.00,2459.00,2.95,9.08,2.70,2.70,9.08,2.95,0.04,-0.17,-0.03,OK!
2448.00,1945.00,2323.00,2439.00,3.22,9.03,2.28,2.28,9.03,3.22,0.01,-0.06,0.07,OK!
2452.00,1965.00,2337.00,2423.00,3.14,9.25,2.21,2.21,9.25,3.14,-0.02,-0.07,-0.04,OK!
2463.00,1971.00,2365.00,2417.00,3.25,9.11,2.23,2.23,9.11,3.25,-0.02,-0.05,-0.03,OK!
2480.00,1946.00,2314.00,2491.00,3.36,9.16,2.35,2.35,9.16,3.36,-0.03,-0.00,-0.02,OK!
2476.00,1919.00,2341.00,2432.00,2.68,9.52,2.19,2.19,9.52,2.68,0.04,-0.12,-0.07,OK!
2493.00,1926.00,2359.00,2504.00,3.22,9.11,2.21,2.21,9.11,3.22,-0.01,-0.06,-0.00,OK!
2469.00,1963.00,2348.00,2439.00,3.47,9.03,2.09,2.09,9.03,3.47,-0.04,-0.03,-0.02,OK!
2446.00,2000.00,2351.00,2432.00,3.35,9.10,2.14,2.14,9.10,3.35,-0.04,-0.05,-0.02,OK!
2466.00,1968.00,2311.00,2432.00,3.34,9.10,2.11,2.11,9.10,3.34,-0.02,-0.06,-0.02,OK!
2471.00,1939.00,2293.00,2465.00,3.44,9.07,2.17,2.17,9.07,3.44,-0.04,-0.05,-0.02,OK!
2448.00,1952.00,2370.00,2486.00,3.39,9.14,2.21,2.21,9.14,3.39,-0.02,-0.05,-0.01,OK!
2454.00,1966.00,2341.00,2435.00,3.40,9.07,2.06,2.06,9.07,3.40,-0.04,-0.04,-0.02,OK!
2466.00,1990.00,2351.00,2441.00,3.45,9.16,2.09,2.09,9.16,3.45,-0.02,-0.06,0.01,OK!
2450.00,1982.00,2349.00,2470.00,3.55,9.08,1.90,1.90,9.08,3.55,-0.03,-0.03,-0.03,OK!
2468.00,2013.00,2337.00,2398.00,3.51,9.15,2.05,2.05,9.15,3.51,-0.03,-0.04,-0.03,OK!
2465.00,1987.00,2353.00,2451.00,3.57,9.10,2.03,2.03,9.10,3.57,-0.03,-0.04,-0.02,OK!
2461.00,1979.00,2365.00,2422.00,3.62,9.07,2.02,2.02,9.07,3.62,-0.03,-0.06,-0.01,OK!
2427.00,1997.00,2356.00,2461.00,3.59,9.12,1.95,1.95,9.12,3.59,-0.03,-0.04,-0.03,OK!
2450.00,1994.00,2345.00,2437.00,3.56,9.15,1.89,1.89,9.15,3.56,-0.04,-0.05,-0.01,OK!
2480.00,2017.00,2341.00,2466.00,3.53,9.11,1.92,1.92,9.11,3.53,-0.03,-0.03,-0.02,OK!
2438.00,1983.00,2327.00,2455.00,3.50,9.23,1.98,1.98,9.23,3.50,-0.05,-0.04,-0.04,OK!
2453.00,2001.00,2363.00,2475.00,3.62,9.06,1.96,1.96,9.06,3.62,0.10,-0.00,0.01,OK!
2481.00,1971.00,2339.00,2439.00,3.87,8.96,1.67,1.67,8.96,3.87,-0.02,-0.02,-0.07,OK!
2448.00,1951.00,2352.00,2474.00,3.60,9.18,1.74,1.74,9.18,3.60,-0.02,-0.06,0.00,OK!
2462.00,1975.00,2321.00,2458.00,3.93,8.97,1.60,1.60,8.97,3.93,0.01,-0.06,0.00,OK!
2433.00,1965.00,2353.00,2462.00,3.87,9.03,1.69,1.69,9.03,3.87,-0.03,-0.04,-0.03,OK!
2460.00,1973.00,2372.00,2433.00,3.79,9.09,1.71,1.71,9.09,3.79,-0.03,-0.05,-0.01,OK!
2455.00,1968.00,2339.00,2442.00,3.78,9.03,1.74,1.74,9.03,3.78,-0.04,-0.06,-0.01,OK!
2448.00,1990.00,2347.00,2455.00,3.85,9.03,1.73,1.73,9.03,3.85,-0.03,-0.04,-0.02,OK!
2454.00,1991.00,2352.00,2474.00,3.92,9.01,1.62,1.62,9.01,3.92,-0.04,-0.04,-0.03,OK!
2461.00,2015.00,2365.00,2425.00,3.78,9.03,1.65,1.65,9.03,3.78,-0.03,-0.04,-0.02,OK!
2455.00,1963.00,2355.00,2480.00,3.88,8.98,1.69,1.69,8.98,3.88,-0.04,-0.04,-0.02,OK!
2466.00,1966.00,2343.00,2462.00,3.94,8.95,1.78,1.78,8.95,3.94,-0.04,-0.03,-0.02,OK!
2469.00,1985.00,2303.00,2436.00,3.68,9.31,1.57,1.57,9.31,3.68,-0.04,-0.02,-0.04,OK!
2467.00,1951.00,2369.00,2470.00,4.07,8.80,1.88,1.88,8.80,4.07,-0.08,-0.02,0.01,OK!
2451.00,1968.00,2371.00,2461.00,3.80,8.97,1.91,1.91,8.97,3.80,-0.02,-0.05,-0.03,OK!
2450.00,2000.00,2310.00,2470.00,3.82,9.06,1.67,1.67,9.06,3.82,-0.01,-0.04,-0.09,OK!
2466.00,1968.00,2345.00,2448.00,3.71,9.04,1.75,1.75,9.04,3.71,-0.03,-0.03,-0.04,OK!
2480.00,2019.00,2347.00,2455.00,3.45,9.17,1.70,1.70,9.17,3.45,0.00,-0.11,-0.04,OK!
2469.00,1927.00,2291.00,2411.00,3.45,9.19,1.61,1.61,9.19,3.45,-0.17,-0.37,-0.08,OK!
2414.00,1895.00,2326.00,2480.00,3.23,9.35,1.55,1.55,9.35,3.23,-0.12,-0.27,-0.06,OK!
2462.00,1930.00,2343.00,2451.00,3.59,9.15,1.19,1.19,9.15,3.59,-0.05,-0.35,0.07,OK!
2471.00,2012.00,2315.00,2462.00,3.57,9.28,0.80,0.80,9.28,3.57,-0.19,-0.41,-0.05,OK!
2458.00,1994.00,2342.00,2462.00,3.97,9.05,0.79,0.79,9.05,3.97,-0.09,-0.26,-0.01,OK!
2401.00,1965.00,2351.00,2401.00,3.89,9.00,0.52,0.52,9.00,3.89,0.00,-0.12,-0.04,OK!
2480.00,1927.00,2306.00,2425.00,4.00,8.98,0.47,0.47,8.98,4.00,0.02,-0.01,-0.02,OK!
2447.00,1963.00,2358.00,2435.00,3.94,9.09,0.36,0.36,9.09,3.94,-0.00,0.00,-0.01,OK!
2467.00,1984.00,2339.00,2463.00,4.02,8.90,0.79,0.79,8.90,4.02,-0.07,-0.07,-0.02,OK!
2454.00,1951.00,2361.00,2448.00,3.85,9.05,0.49,0.49,9.05,3.85,-0.06,-0.07,-0.02,OK!
2465.00,1981.00,2289.00,2477.00,3.96,9.09,0.48,0.48,9.09,3.96,-0.04,-0.04,-0.02,OK!
2448.00,1969.00,2362.00,2479.00,3.89,9.11,0.59,0.59,9.11,3.89,-0.03,-0.05,-0.03,OK!
2465.00,1940.00,2291.00,2427.00,3.78,9.33,0.51,0.51,9.33,3.78,-0.13,-0.05,-0.02,OK!
2455.00,1967.00,2338.00,2467.00,4.06,9.03,0.58,0.58,9.03,4.06,0.06,0.07,-0.04,OK!
2455.00,1975.00,2372.00,2463.00,4.16,9.00,0.17,0.17,9.00,4.16,-0.01,0.07,-0.01,OK!
2465.00,1898.00,2350.00,2461.00,4.01,8.94,0.19,0.19,8.94,4.01,-0.06,0.24,-0.19,OK!
2479.00,1878.00,2357.00,2451.00,3.69,9.27,0.10,0.10,9.27,3.69,0.15,0.76,-0.04,OK!
2480.00,1935.00,2327.00,2416.00,3.28,9.24,0.95,0.95,9.24,3.28,0.25,0.93,0.02,OK!
2446.00,1919.00,2331.00,2465.00,3.19,9.13,0.67,0.67,9.13,3.19,0.19,0.45,-0.10,OK!
2463.00,1925.00,2352.00,2470.00,3.04,9.45,0.51,0.51,9.45,3.04,-0.05,-0.03,-0.01,OK!
2455.00,1918.00,2352.00,2495.00,2.97,9.28,0.29,0.29,9.28,2.97,0.16,0.27,-0.02,OK!
2447.00,1991.00,2367.00,2462.00,-0.11,8.20,-0.22,-0.22,8.20,-0.11,0.42,0.57,-0.46,OK!
2480.00,1943.00,2381.00,2439.00,2.01,9.32,-1.29,-1.29,9.32,2.01,-0.27,-0.01,0.48,OK!
2462.00,1930.00,2343.00,2443.00,1.50,9.45,0.51,0.51,9.45,1.50,-0.02,-0.06,0.05,OK!
2474.00,1911.00,2372.00,2512.00,1.35,9.78,0.47,0.47,9.78,1.35,-0.05,-0.05,-0.01,OK!
2479.00,1933.00,2337.00,2446.00,1.47,9.66,0.57,0.57,9.66,1.47,-0.06,-0.06,-0.03,OK!
2459.00,1990.00,2365.00,2422.00,1.79,9.63,0.37,0.37,9.63,1.79,-0.03,-0.02,-0.03,OK!
2432.00,1984.00,2339.00,2462.00,1.97,9.49,0.37,0.37,9.49,1.97,-0.01,-0.07,-0.00,OK!
2471.00,1991.00,2324.00,2413.00,1.75,9.47,0.74,0.74,9.47,1.75,-0.04,-0.08,-0.06,OK!
2478.00,1951.00,2354.00,2416.00,-0.49,8.28,1.12,1.12,8.28,-0.49,0.19,-0.50,0.02,OK!
2434.00,1923.00,2369.00,2454.00,0.10,9.66,1.48,1.48,9.66,0.10,-0.07,-0.06,0.02,OK!
2482.00,1936.00,2350.00,2480.00,1.00,9.89,1.21,1.21,9.89,1.00,0.02,-0.05,-0.10,OK!
2481.00,1912.00,2348.00,2452.00,0.49,9.56,1.31,1.31,9.56,0.49,0.04,-0.08,-0.11,OK!
2465.00,1996.00,2381.00,2440.00,0.50,9.55,1.20,1.20,9.55,0.50,0.03,-0.15,-0.06,OK!
2454.00,1974.00,2366.00,2438.00,0.74,9.43,0.46,0.46,9.43,0.74,-0.01,-0.22,-0.04,OK!
2443.00,1995.00,2347.00,2442.00,0.36,10.18,1.03,1.03,10.18,0.36,-0.01,-0.21,0.02,OK!
2458.00,1994.00,2352.00,2453.00,-0.14,9.88,0.46,0.46,9.88,-0.14,-0.05,0.08,-0.21,OK!
2487.00,1979.00,2342.00,2467.00,1.61,9.38,0.80,0.80,9.38,1.61,0.24,0.24,0.12,OK!
2451.00,1984.00,2352.00,2478.00,0.21,9.41,-0.63,-0.63,9.41,0.21,0.24,-0.10,-0.03,OK!
2458.00,2026.00,2353.00,2428.00,-1.64,9.19,0.74,0.74,9.19,-1.64,0.06,0.19,0.15,OK!
2458.00,2011.00,2336.00,2434.00,0.31,10.56,-0.73,-0.73,10.56,0.31,-0.03,-0.56,-0.05,OK!
2479.00,2006.00,2306.00,2439.00,-0.07,9.39,-1.55,-1.55,9.39,-0.07,0.01,-0.10,-0.24,OK!
2486.00,2027.00,2333.00,2461.00,-0.55,10.20,-1.62,-1.62,10.20,-0.55,0.03,-0.10,-0.15,OK!
2453.00,2031.00,2353.00,2471.00,-0.32,9.60,-1.40,-1.40,9.60,-0.32,-0.04,0.02,-0.02,OK!
2474.00,2074.00,2354.00,2482.00,-0.27,8.59,-2.09,-2.09,8.59,-0.27,0.34,0.35,0.50,OK!
2459.00,2017.00,2363.00,2431.00,-0.76,11.51,-2.81,-2.81,11.51,-0.76,-0.05,0.14,-0.07,OK!
2467.00,2065.00,2330.00,2446.00,0.06,9.43,-1.40,-1.40,9.43,0.06,-0.26,-0.26,0.12,OK!
2464.00,2043.00,2354.00,2429.00,0.18,9.49,-1.51,-1.51,9.49,0.18,-0.32,-1.57,0.45,OK!
2469.00,2006.00,2357.00,2435.00,-0.54,8.15,-2.06,-2.06,8.15,-0.54,0.17,-0.02,-0.14,OK!
2448.00,1999.00,2354.00,2453.00,0.17,10.20,-1.83,-1.83,10.20,0.17,-0.12,0.20,-0.15,OK!
2474.00,1999.00,2339.00,2461.00,0.92,9.11,-1.27,-1.27,9.11,0.92,-0.15,0.14,-0.15,OK!
2433.00,2000.00,2353.00,2497.00,0.14,9.82,-2.15,-2.15,9.82,0.14,0.01,0.27,0.23,OK!
2482.00,2003.00,2322.00,2487.00,0.86,9.66,-2.50,-2.50,9.66,0.86,-0.21,-0.17,-0.25,OK!
2467.00,1975.00,2322.00,2435.00,0.81,10.10,-0.35,-0.35,10.10,0.81,0.10,0.45,0.09,OK!
2449.00,1993.00,2344.00,2473.00,0.94,9.48,0.57,0.57,9.48,0.94,-0.59,0.61,-0.13,OK!
2449.00,2010.00,2333.00,2417.00,0.59,9.93,1.13,1.13,9.93,0.59,-0.25,-0.05,-0.07,OK!
2477.00,1979.00,2321.00,2455.00,0.42,9.75,2.05,2.05,9.75,0.42,-0.10,-0.00,-0.05,OK!
2461.00,1941.00,2334.00,2442.00,0.68,9.59,2.50,2.50,9.59,0.68,0.02,-0.30,-0.06,OK!
2484.00,1920.00,2323.00,2450.00,-0.03,9.24,2.81,2.81,9.24,-0.03,0.00,-0.17,-0.06,OK!
2467.00,1968.00,2349.00,2448.00,0.55,9.69,2.40,2.40,9.69,0.55,-0.05,-0.05,0.04,OK!
2468.00,1936.00,2315.00,2479.00,0.54,9.47,2.53,2.53,9.47,0.54,-0.03,-0.08,-0.03,OK!
2444.00,1940.00,2349.00,2446.00,0.55,9.49,2.43,2.43,9.49,0.55,-0.04,-0.01,-0.07,OK!
2452.00,1988.00,2355.00,2475.00,0.30,9.60,2.47,2.47,9.60,0.30,0.05,-0.09,-0.07,OK!
2463.00,1968.00,2354.00,2446.00,-0.13,8.71,2.14,2.14,8.71,-0.13,0.02,0.13,-0.01,OK!
2438.00,2000.00,2336.00,2447.00,1.16,11.05,1.30,1.30,11.05,1.16,0.19,-0.58,0.18,OK!
2463.00,1963.00,2349.00,2450.00,0.71,10.04,0.20,0.20,10.04,0.71,-0.00,-0.07,0.04,OK!
2479.00,1929.00,2334.00,2438.00,1.67,9.58,0.17,0.17,9.58,1.67,-0.07,-0.07,0.09,OK!
2463.00,1986.00,2343.00,2437.00,1.83,9.76,0.09,0.09,9.76,1.83,0.02,-0.05,0.03,OK!
2506.00,1985.00,2355.00,2467.00,1.77,9.92,0.71,0.71,9.92,1.77,-0.29,-0.66,-0.07,OK!
2479.00,2017.00,2318.00,2471.00,1.90,9.78,1.07,1.07,9.78,1.90,-0.03,-0.56,0.05,OK!
2448.00,2029.00,2349.00,2449.00,1.90,9.73,0.56,0.56,9.73,1.90,-0.12,-0.23,-0.01,OK!
2464.00,2034.00,2349.00,2437.00,2.04,9.60,0.90,0.90,9.60,2.04,0.00,-0.01,-0.01,OK!
2509.00,2032.00,2325.00,2430.00,2.01,9.59,0.75,0.75,9.59,2.01,0.01,0.23,-0.03,OK!
2481.00,2030.00,2350.00,2443.00,2.42,9.61,0.71,0.71,9.61,2.42,-0.01,0.29,0.07,OK!
2459.00,1923.00,2358.00,2467.00,1.81,9.75,1.44,1.44,9.75,1.81,-0.08,0.18,-0.08,OK!
2433.00,1945.00,2327.00,2463.00,1.35,9.56,1.20,1.20,9.56,1.35,0.10,0.48,-0.05,OK!
2446.00,1969.00,2348.00,2454.00,1.74,8.85,0.54,0.54,8.85,1.74,0.08,0.40,-0.13,OK!
2448.00,2087.00,2323.00,2485.00,-0.76,10.19,1.07,1.07,10.19,-0.76,0.42,-0.24,-0.13,OK!
2463.00,1990.00,2337.00,2467.00,-0.57,10.53,-0.75,-0.75,10.53,-0.57,-0.04,0.03,0.10,OK!
2455.00,2014.00,2355.00,2475.00,1.73,9.66,-0.67,-0.67,9.66,1.73,0.02,-0.18,-0.02,OK!
2469.00,2040.00,2343.00,2448.00,0.55,9.28,-0.77,-0.77,9.28,0.55,-0.13,-0.20,-0.01,OK!
2458.00,2043.00,2326.00,2454.00,0.40,9.63,-0.35,-0.35,9.63,0.40,-0.11,-0.07,0.01,OK!
2471.00,2019.00,2366.00,2464.00,0.60,9.85,-0.95,-0.95,9.85,0.60,-0.07,-0.01,-0.01,OK!
2471.00,2090.00,2338.00,2458.00,1.26,8.68,-0.58,-0.58,8.68,1.26,-0.44,-0.19,-0.24,OK!
2461.00,2059.00,2331.00,2423.00,0.47,9.91,-0.18,-0.18,9.91,0.47,-0.33,-0.23,-0.12,OK!
2495.00,2073.00,2325.00,2433.00,0.75,9.75,0.32,0.32,9.75,0.75,-0.13,-0.58,0.17,OK!
2462.00,2043.00,2343.00,2433.00,1.41,9.72,0.41,0.41,9.72,1.41,-0.05,-0.28,0.02,OK!
2450.00,2009.00,2348.00,2437.00,1.44,9.87,0.11,0.11,9.87,1.44,-0.02,-0.28,-0.03,OK!
2416.00,2025.00,2320.00,2448.00,1.85,9.71,-0.20,-0.20,9.71,1.85,-0.01,-0.09,-0.01,OK!
2453.00,1987.00,2322.00,2454.00,1.96,9.66,-0.48,-0.48,9.66,1.96,-0.03,-0.00,0.01,OK!
2465.00,2004.00,2352.00,2411.00,0.89,9.96,-0.04,-0.04,9.96,0.89,0.33,0.34,-0.07,OK!
2459.00,1958.00,2354.00,2447.00,2.01,9.46,-1.04,-1.04,9.46,2.01,-0.05,0.18,-0.11,OK!
2464.00,2025.00,2325.00,2444.00,1.61,9.56,-1.37,-1.37,9.56,1.61,-0.08,-0.06,-0.04,OK!
2459.00,1968.00,2354.00,2460.00,1.65,9.59,-1.36,-1.36,9.59,1.65,-0.04,-0.06,-0.03,OK!
2466.00,2013.00,2353.00,2450.00,1.58,9.55,-1.00,-1.00,9.55,1.58,-0.04,-0.04,-0.02,OK!